0	0	2711
1	0	2711
2	0	2711
3	0	2711
4	0	2711
5	0	2712
6	0	2712
7	0	2711
8	0	2711
9	0	2711
10	0	2711
11	0	2713
12	0	2713
13	0	2713
14	0	2713
15	0	2711
16	0	2711
17	0	2711
18	0	2711
19	0	2713
20	0	2713
21	0	2713
22	0	2713
23	0	2713
24	0	2711
25	0	2713
26	0	2713
27	0	2713
28	0	2714
29	0	2711
30	0	2712
31	0	2713
32	0	2713
33	0	2713
34	0	2713
35	0	2713
36	0	2713
37	0	2713
38	0	2713
39	0	2713
40	0	2713
41	0	2713
42	0	2715
43	0	2713
44	0	2713
45	0	2714
46	0	2711
47	0	2713
48	0	2713
49	0	2716
50	0	2713
51	0	2713
52	0	2712
53	0	2713
54	0	2713
55	0	2713
56	0	2713
57	0	2711
58	0	2711
59	0	2713
60	0	2712
61	0	2711
62	0	2713
63	0	2713
64	0	2713
65	0	2711
66	0	2712
67	0	2711
68	0	2713
69	0	2711
70	0	2711
71	0	2711
72	0	2711
73	0	2711
74	0	2713
75	0	2713
76	0	2712
77	0	2711
78	0	2713
79	0	2713
80	0	2712
81	0	2712
82	0	2713
83	0	2711
84	0	2711
85	0	2711
86	0	2712
87	0	2711
88	0	2711
89	0	2711
90	0	2711
91	0	2711
92	0	2711
93	0	2713
94	0	2716
95	0	2716
96	0	2711
97	0	2711
98	0	2712
99	0	2711
100	0	2711
101	0	2712
102	0	2711
103	0	2711
104	0	2711
105	0	2711
106	0	2711
107	0	2711
108	0	2713
109	0	2713
110	0	2713
111	0	2711
112	0	2711
113	0	2711
114	0	2711
115	0	2711
116	0	2711
117	0	2711
118	0	2711
119	0	2711
120	0	2711
121	0	2711
122	0	2711
123	0	2713
124	0	2711
125	0	2711
126	0	2711
127	0	2716
128	0	2711
129	0	2711
130	0	2711
131	0	2711
132	0	2711
133	0	2711
134	0	2711
135	0	2711
136	0	2711
137	0	2711
138	0	2711
139	0	2711
140	0	2711
141	0	2711
142	0	2711
143	0	2711
144	0	2711
145	0	2711
146	0	2711
147	0	2711
148	0	2711
149	0	2711
150	0	2711
151	0	2712
152	0	2711
153	0	2711
154	0	2711
155	0	2711
156	0	2711
157	0	2711
158	0	2711
159	0	2711
160	0	2711
161	0	2711
162	0	2711
163	0	2711
164	0	2711
165	0	2713
166	0	2711
167	0	2711
168	0	2712
169	0	2711
171	0	2711
172	0	2711
173	0	2711
174	0	2711
175	0	2713
176	0	2711
177	0	2711
178	0	2711
179	0	2711
180	0	2711
181	0	2711
182	0	2711
183	0	2711
184	0	2711
185	0	2713
186	0	2711
187	0	2713
188	0	2711
189	0	2711
190	0	2711
191	0	2717
192	0	2718
193	0	2711
194	0	2711
195	0	2711
196	0	2711
197	0	2711
198	0	2711
199	0	2711
200	0	2711
201	0	2711
202	0	2711
203	0	2711
204	0	2711
205	0	2711
206	0	2711
207	0	2711
208	0	2711
209	0	2711
210	0	2719
211	0	2711
212	0	2711
213	0	2711
214	0	2711
215	0	2711
216	0	2711
217	0	2711
218	0	2711
219	0	2711
220	0	2711
221	0	2711
222	0	2713
223	0	2712
224	0	2717
225	0	2717
226	0	2713
227	0	2711
228	0	2720
229	0	2711
230	0	2711
231	0	2711
232	0	2711
233	0	2711
234	0	2711
235	0	2711
236	0	2711
237	0	2711
238	0	2718
239	0	2711
240	0	2711
241	0	2711
242	0	2711
243	0	2718
244	0	2711
245	0	2711
246	0	2711
247	0	2721
248	0	2720
249	0	2711
250	0	2711
251	0	2711
252	0	2711
253	0	2711
254	0	2711
255	0	2711
256	0	2711
257	0	2711
258	0	2711
259	0	2711
260	0	2711
261	0	2711
262	0	2711
263	0	2711
264	0	2711
265	0	2711
266	0	2721
267	0	2713
268	0	2711
269	0	2711
270	0	2711
271	0	2711
272	0	2711
273	0	2711
274	0	2711
275	0	2713
276	0	2719
277	0	2711
278	0	2722
279	0	2711
280	0	2711
281	0	2711
282	0	2723
283	0	2713
284	0	2713
285	0	2713
286	0	2713
287	0	2711
288	0	2713
290	0	2713
291	0	2711
292	0	2713
294	0	2713
295	0	2713
296	0	2713
297	0	2713
298	0	2711
299	0	2711
300	0	2713
301	0	2724
302	0	2711
303	0	2711
304	0	2713
305	0	2711
306	0	2713
307	0	2713
308	0	2725
309	0	2711
310	0	2711
311	0	2711
312	0	2713
313	0	2715
314	0	2713
315	0	2724
316	0	2712
317	0	2713
318	0	2711
319	0	2711
320	0	2711
321	0	2715
322	0	2715
323	0	2715
324	0	2712
325	0	2712
326	0	2711
327	0	2726
328	0	2711
329	0	2713
330	0	2711
331	0	2711
332	0	2722
333	0	2712
334	0	2711
335	0	2711
337	0	2719
338	0	2713
339	0	2712
340	0	2711
341	0	2711
344	0	2711
345	0	2711
346	0	2712
347	0	2719
348	0	2719
349	0	2719
350	0	2719
351	0	2719
352	0	2712
354	0	2711
355	0	2711
356	0	2712
357	0	2724
358	0	2720
359	0	2719
360	0	2712
361	0	2711
362	0	2712
363	0	2719
364	0	2719
365	0	2712
366	0	2711
367	0	2711
368	0	2711
369	0	2711
370	0	2711
371	0	2713
372	0	2711
373	0	2711
374	0	2711
375	0	2711
376	0	2711
378	0	2724
379	0	2724
380	0	2711
381	0	2712
382	0	2711
383	0	2711
384	0	2711
385	0	2711
386	0	2718
387	0	2711
388	0	2711
389	0	2711
390	0	2711
391	0	2712
392	0	2711
393	0	2711
395	0	2719
396	0	2719
397	0	2711
398	0	2719
399	0	2711
400	0	2711
401	0	2711
402	0	2711
403	0	2711
405	0	2713
406	0	2711
407	0	2713
408	0	2711
409	0	2711
410	0	2711
411	0	2712
412	0	2711
413	0	2711
414	0	2711
415	0	2711
416	0	2711
417	0	2713
418	0	2720
419	0	2719
421	0	2711
422	0	2711
423	0	2711
424	0	2711
425	0	2712
426	0	2711
427	0	2712
428	0	2711
429	0	2711
430	0	2719
431	0	2719
432	0	2711
433	0	2711
434	0	2719
435	0	2712
437	0	2711
438	0	2712
439	0	2711
440	0	2711
441	0	2711
442	0	2711
443	0	2711
444	0	2724
445	0	2719
446	0	2711
447	0	2711
448	0	2719
449	0	2717
450	0	2719
451	0	2712
452	0	2712
453	0	2711
454	0	2711
455	0	2711
456	0	2711
457	0	2711
458	0	2711
459	0	2711
460	0	2711
462	0	2711
463	0	2711
464	0	2719
465	0	2711
466	0	2713
467	0	2713
468	0	2713
469	0	2717
470	0	2711
471	0	2712
472	0	2712
473	0	2711
474	0	2711
475	0	2712
477	0	2711
478	0	2711
479	0	2711
480	0	2711
481	0	2711
482	0	2711
483	0	2711
484	0	2722
485	0	2724
486	0	2711
487	0	2711
488	0	2711
489	0	2711
490	0	2711
491	0	2722
492	0	2722
493	0	2722
494	0	2724
495	0	2711
496	0	2711
497	0	2712
498	0	2719
499	0	2719
500	0	2719
501	0	2726
502	0	2711
503	0	2711
504	0	2712
506	0	2719
507	0	2712
508	0	2713
509	0	2715
510	0	2715
511	0	2711
512	0	2711
513	0	2711
514	0	2711
515	0	2712
516	0	2715
517	0	2715
518	0	2712
519	0	2715
520	0	2712
521	0	2719
522	0	2719
523	0	2719
524	0	2719
525	0	2712
526	0	2712
527	0	2711
528	0	2712
529	0	2711
530	0	2712
531	0	2715
532	0	2719
533	0	2719
534	0	2719
535	0	2719
536	0	2719
537	0	2719
538	0	2719
539	0	2719
540	0	2719
541	0	2719
542	0	2719
543	0	2719
544	0	2719
545	0	2719
546	0	2719
547	0	2713
548	0	2712
549	0	2711
550	0	2711
551	0	2711
552	0	2719
553	0	2711
554	0	2713
555	0	2712
556	0	2711
557	0	2712
558	0	2711
559	0	2712
560	0	2712
561	0	2726
562	0	2726
563	0	2726
564	0	2726
565	0	2711
566	0	2719
567	0	2719
568	0	2713
569	0	2711
570	0	2711
571	0	2711
572	0	2711
573	0	2711
574	0	2711
575	0	2711
576	0	2711
577	0	2711
578	0	2711
579	0	2711
580	0	2711
581	0	2724
582	0	2711
583	0	2711
584	0	2711
585	0	2711
586	0	2711
587	0	2711
588	0	2711
589	0	2711
590	0	2711
591	0	2711
592	0	2711
593	0	2711
594	0	2711
595	0	2711
596	0	2711
597	0	2711
598	0	2711
599	0	2711
600	0	2711
601	0	2711
602	0	2711
603	0	2711
604	0	2711
605	0	2711
606	0	2711
607	0	2711
608	0	2717
609	0	2711
610	0	2717
611	0	2725
612	0	2711
613	0	2711
614	0	2711
615	0	2711
616	0	2711
617	0	2719
618	0	2724
619	0	2711
620	0	2711
621	0	2711
622	0	2711
623	0	2711
624	0	2711
625	0	2711
626	0	2711
627	0	2711
628	0	2711
629	0	2711
630	0	2724
631	0	2718
632	0	2719
633	0	2712
634	0	2719
635	0	2719
636	0	2719
637	0	2711
638	0	2711
639	0	2720
640	0	2711
641	0	2711
642	0	2711
643	0	2719
644	0	2711
645	0	2711
646	0	2711
647	0	2719
648	0	2719
649	0	2712
650	0	2719
651	0	2720
652	0	2720
653	0	2720
654	0	2720
655	0	2720
656	0	2720
657	0	2712
658	0	2712
659	0	2726
660	0	2711
661	0	2711
662	0	2712
663	0	2722
664	0	2711
665	0	2711
666	0	2713
667	0	2711
668	0	2712
669	0	2711
670	0	2711
671	0	2720
672	0	2720
673	0	2720
674	0	2720
675	0	2726
676	0	2711
677	0	2711
678	0	2719
679	0	2712
680	0	2719
681	0	2711
682	0	2711
683	0	2722
684	0	2711
685	0	2711
686	0	2711
687	0	2711
688	0	2722
689	0	2711
690	0	2720
691	0	2720
692	0	2719
693	0	2724
694	0	2720
695	0	2711
696	0	2711
697	0	2711
698	0	2711
699	0	2711
700	0	2722
701	0	2722
702	0	2711
703	0	2724
704	0	2712
705	0	2712
706	0	2712
707	0	2726
708	0	2720
709	0	2712
710	0	2711
711	0	2711
712	0	2722
713	0	2719
714	0	2713
715	0	2711
716	0	2711
717	0	2711
718	0	2711
719	0	2711
720	0	2711
721	0	2711
722	0	2711
723	0	2711
724	0	2711
725	0	2711
726	0	2711
727	0	2711
728	0	2711
729	0	2711
730	0	2711
731	0	2711
732	0	2711
733	0	2711
734	0	2711
735	0	2711
736	0	2714
737	0	2726
738	0	2711
739	0	2711
740	0	2711
741	0	2711
742	0	2711
743	0	2711
744	0	2711
745	0	2711
746	0	2713
747	0	2714
748	0	2713
749	0	2712
750	0	2713
751	0	2714
752	0	2711
753	0	2711
754	0	2711
755	0	2711
756	0	2714
757	0	2713
758	0	2713
759	0	2713
760	0	2715
761	0	2713
762	0	2712
763	0	2712
764	0	2725
765	0	2715
766	0	2714
767	0	2711
768	0	2711
769	0	2712
770	0	2712
771	0	2711
772	0	2711
773	0	2714
774	0	2711
775	0	2713
776	0	2714
777	0	2712
778	0	2712
779	0	2711
780	0	2712
781	0	2713
782	0	2711
783	0	2713
784	0	2711
785	0	2711
786	0	2714
787	0	2714
788	0	2711
789	0	2711
790	0	2714
791	0	2712
792	0	2713
793	0	2712
794	0	2712
795	0	2711
796	0	2711
797	0	2711
798	0	2711
799	0	2711
800	0	2711
801	0	2711
802	0	2711
803	0	2711
804	0	2711
805	0	2711
806	0	2711
807	0	2711
808	0	2711
809	0	2726
810	0	2711
811	0	2711
812	0	2711
813	0	2711
814	0	2711
815	0	2711
816	0	2711
817	0	2711
818	0	2713
819	0	2713
820	0	2714
821	0	2713
822	0	2711
823	0	2711
824	0	2711
825	0	2713
826	0	2711
827	0	2711
828	0	2711
829	0	2711
830	0	2713
831	0	2711
832	0	2714
833	0	2714
834	0	2711
835	0	2714
836	0	2724
837	0	2711
838	0	2711
839	0	2713
840	0	2711
841	0	2711
842	0	2711
843	0	2711
844	0	2713
845	0	2711
846	0	2711
847	0	2713
848	0	2711
849	0	2711
850	0	2713
851	0	2711
852	0	2713
853	0	2711
854	0	2714
855	0	2711
856	0	2711
857	0	2711
858	0	2711
859	0	2711
860	0	2711
861	0	2711
862	0	2711
863	0	2711
864	0	2711
865	0	2711
866	0	2711
867	0	2711
868	0	2714
869	0	2711
870	0	2712
871	0	2711
872	0	2711
873	0	2711
874	0	2711
875	0	2713
876	0	2711
877	0	2711
878	0	2711
879	0	2711
880	0	2711
881	0	2711
882	0	2711
883	0	2711
884	0	2711
885	0	2711
886	0	2711
887	0	2711
888	0	2713
889	0	2711
890	0	2713
891	0	2711
892	0	2711
893	0	2711
894	0	2713
895	0	2713
896	0	2711
897	0	2711
898	0	2714
899	0	2711
900	0	2711
901	0	2711
902	0	2711
903	0	2711
904	0	2711
905	0	2711
906	0	2711
907	0	2711
908	0	2711
909	0	2711
910	0	2711
911	0	2713
912	0	2711
913	0	2711
914	0	2711
915	0	2711
916	0	2711
917	0	2711
918	0	2714
919	0	2711
920	0	2711
921	0	2711
922	0	2711
923	0	2711
924	0	2711
925	0	2711
926	0	2711
927	0	2711
928	0	2711
929	0	2711
930	0	2711
931	0	2711
932	0	2711
933	0	2711
934	0	2711
935	0	2711
936	0	2711
937	0	2711
938	0	2711
939	0	2711
940	0	2711
941	0	2711
942	0	2711
943	0	2711
944	0	2711
945	0	2711
946	0	2711
947	0	2711
948	0	2711
949	0	2711
950	0	2711
951	0	2711
952	0	2711
953	0	2711
954	0	2711
955	0	2711
956	0	2711
957	0	2711
958	0	2711
959	0	2711
960	0	2711
961	0	2711
962	0	2711
963	0	2711
964	0	2711
965	0	2711
966	0	2711
967	0	2711
968	0	2711
969	0	2711
970	0	2711
971	0	2711
972	0	2711
973	0	2720
974	0	2720
975	0	2720
976	0	2711
977	0	2719
978	0	2719
979	0	2712
980	0	2726
981	0	2711
982	0	2711
983	0	2711
984	0	2726
985	0	2719
986	0	2719
987	0	2719
988	0	2719
989	0	2721
990	0	2714
991	0	2726
992	0	2726
993	0	2711
994	0	2711
995	0	2711
996	0	2711
997	0	2726
998	0	2726
999	0	2713
1000	0	2718
1002	0	2711
1003	0	2711
1004	0	2711
1005	0	2719
1006	0	2727
1007	0	2712
1008	0	2711
1009	0	2711
1010	0	2711
1011	0	2711
1012	0	2718
1013	0	2712
1014	0	2711
1015	0	2727
1016	0	2727
1017	0	2727
1018	0	2727
1019	0	2727
1020	0	2727
1021	0	2727
1022	0	2727
1023	0	2719
1024	0	2722
1025	0	2727
1026	0	2727
1027	0	2727
1028	0	2727
1029	0	2727
1030	0	2727
1031	0	2727
1032	0	2727
1033	0	2727
1034	0	2727
1035	0	2727
1036	0	2727
1037	0	2719
1038	0	2711
1039	0	2718
1040	0	2715
1041	0	2711
1042	0	2713
1044	0	2713
1045	0	2723
1046	0	2713
1047	0	2726
1048	0	2723
1049	0	2711
1050	0	2711
1051	0	2719
1052	0	2712
1053	0	2713
1054	0	2719
1055	0	2711
1057	0	2719
1058	0	2711
1059	0	2711
1060	0	2717
1061	0	2712
1062	0	2711
1063	0	2723
1064	0	2711
1065	0	2711
1066	0	2711
1067	0	2711
1068	0	2727
1069	0	2727
1071	0	2712
1072	0	2712
1073	0	2712
1074	0	2719
1075	0	2711
1076	0	2711
1077	0	2711
1078	0	2711
1079	0	2713
1080	0	2711
1081	0	2722
1082	0	2719
1083	0	2711
1084	0	2713
1085	0	2711
1086	0	2711
1087	0	2711
1088	0	2712
1089	0	2712
1090	0	2711
1091	0	2711
1092	0	2713
1093	0	2711
1094	0	2711
1095	0	2713
1096	0	2711
1097	0	2713
1098	0	2714
1099	0	2711
1100	0	2711
1103	0	2712
1104	0	2711
1105	0	2711
1106	0	2719
1107	0	2711
1108	0	2711
1110	0	2711
1111	0	2711
1112	0	2711
1113	0	2711
1114	0	2711
1115	0	2711
1116	0	2711
1117	0	2711
1118	0	2711
1119	0	2711
1120	0	2711
1121	0	2712
1122	0	2711
1123	0	2713
1124	0	2711
1125	0	2724
1126	0	2711
1127	0	2719
1128	0	2711
1129	0	2711
1130	0	2711
1131	0	2711
1132	0	2711
1133	0	2711
1134	0	2711
1135	0	2711
1136	0	2712
1137	0	2711
1138	0	2711
1139	0	2711
1140	0	2711
1141	0	2711
1142	0	2711
1143	0	2726
1144	0	2711
1145	0	2711
1146	0	2711
1147	0	2711
1148	0	2711
1149	0	2711
1150	0	2711
1151	0	2715
1152	0	2711
1153	0	2712
1154	0	2711
1155	0	2711
1156	0	2711
1157	0	2711
1158	0	2711
1159	0	2711
1160	0	2719
1161	0	2712
1162	0	2722
1163	0	2711
1164	0	2711
1165	0	2711
1166	0	2722
1167	0	2711
1168	0	2711
1169	0	2711
1170	0	2726
1171	0	2711
1172	0	2713
1173	0	2715
1174	0	2715
1175	0	2711
1176	0	2711
1177	0	2711
1178	0	2711
1179	0	2711
1180	0	2713
1181	0	2711
1182	0	2713
1183	0	2711
1184	0	2713
1185	0	2713
1186	0	2713
1187	0	2714
1188	0	2711
1189	0	2711
1190	0	2711
1191	0	2711
1192	0	2714
1193	0	2728
1194	0	2726
1195	0	2711
1196	0	2711
1197	0	2711
1198	0	2711
1199	0	2711
1200	0	2711
1201	0	2711
1202	0	2711
1203	0	2711
1204	0	2711
1205	0	2711
1206	0	2727
1207	0	2712
1208	0	2711
1209	0	2727
1210	0	2711
1211	0	2711
1212	0	2722
1213	0	2713
1215	0	2711
1216	0	2727
1217	0	2711
1218	0	2711
1219	0	2711
1220	0	2711
1221	0	2712
1222	0	2711
1224	0	2711
1225	0	2712
1226	0	2727
1227	0	2719
1229	0	2711
1230	0	2711
1231	0	2715
1232	0	2724
1233	0	2727
1234	0	2711
1235	0	2711
1236	0	2711
1237	0	2711
1238	0	2727
1239	0	2711
1240	0	2711
1241	0	2727
1243	0	2711
1245	0	2719
1246	0	2727
1247	0	2717
1248	0	2725
1249	0	2712
1250	0	2717
1251	0	2717
1252	0	2724
1253	0	2717
1254	0	2719
1255	0	2719
1256	0	2726
1257	0	2726
1258	0	2726
1259	0	2711
1260	0	2711
1261	0	2726
1262	0	2711
1263	0	2719
1264	0	2724
1265	0	2717
1266	0	2717
1267	0	2717
1268	0	2717
1269	0	2717
1270	0	2726
1271	0	2726
1272	0	2712
1273	0	2715
1274	0	2717
1275	0	2711
1276	0	2711
1277	0	2717
1278	0	2717
1279	0	2717
1280	0	2726
1281	0	2711
1282	0	2711
1283	0	2713
1284	0	2726
1285	0	2711
1286	0	2711
1287	0	2726
1288	0	2711
1289	0	2724
1290	0	2726
1291	0	2726
1292	0	2711
1293	0	2725
1294	0	2711
1295	0	2711
1296	0	2711
1297	0	2711
1298	0	2711
1299	0	2711
1300	0	2711
1301	0	2711
1302	0	2719
1303	0	2723
1304	0	2715
1305	0	2713
1306	0	2717
1307	0	2712
1308	0	2711
1309	0	2711
1310	0	2711
1311	0	2711
1312	0	2711
1313	0	2713
1314	0	2712
1315	0	2712
1316	0	2713
1317	0	2712
1318	0	2713
1319	0	2713
1320	0	2712
1321	0	2712
1322	0	2715
1323	0	2715
1324	0	2715
1325	0	2714
1326	0	2713
1327	0	2715
1328	0	2714
1329	0	2714
1330	0	2713
1331	0	2713
1332	0	2713
1333	0	2713
1334	0	2713
1335	0	2715
1336	0	2712
1337	0	2713
1338	0	2713
1339	0	2713
1340	0	2713
1341	0	2714
1342	0	2711
1343	0	2713
1344	0	2713
1345	0	2713
1346	0	2713
1347	0	2713
1348	0	2713
1349	0	2713
1350	0	2712
1351	0	2718
1352	0	2724
1353	0	2712
1354	0	2713
1355	0	2715
1356	0	2714
1357	0	2713
1358	0	2715
1359	0	2713
1360	0	2713
1361	0	2713
1362	0	2714
1363	0	2713
1364	0	2714
1365	0	2725
1366	0	2714
1367	0	2714
1368	0	2724
1369	0	2713
1370	0	2713
1371	0	2711
1372	0	2713
1373	0	2713
1374	0	2711
1375	0	2713
1376	0	2713
1377	0	2711
1378	0	2711
1379	0	2711
1380	0	2711
1381	0	2711
1382	0	2713
1383	0	2713
1384	0	2713
1385	0	2713
1386	0	2713
1387	0	2713
1388	0	2713
1389	0	2711
1390	0	2711
1391	0	2713
1392	0	2711
1393	0	2713
1394	0	2711
1395	0	2711
1396	0	2711
1397	0	2711
1398	0	2711
1399	0	2711
1400	0	2711
1401	0	2711
1402	0	2711
1403	0	2711
1404	0	2711
1405	0	2711
1406	0	2711
1407	0	2711
1408	0	2711
1409	0	2711
1410	0	2711
1411	0	2713
1412	0	2711
1413	0	2711
1414	0	2711
1415	0	2711
1416	0	2711
1417	0	2713
1418	0	2711
1419	0	2711
1420	0	2717
1421	0	2711
1422	0	2711
1423	0	2711
1424	0	2713
1425	0	2711
1426	0	2711
1427	0	2711
1428	0	2711
1429	0	2711
1430	0	2711
1431	0	2711
1432	0	2713
1435	0	2711
1436	0	2713
1437	0	2712
1438	0	2725
1439	0	2726
1440	0	2714
1441	0	2714
1442	0	2713
1443	0	2711
1450	0	2712
1452	0	2711
1453	0	2713
1454	0	2712
1455	0	2712
1456	0	2714
1457	0	2714
1458	0	2711
1459	0	2711
1460	0	2711
1461	0	2711
1462	0	2711
1463	0	2724
1464	0	2717
1465	0	2726
1466	0	2726
1467	0	2717
1468	0	2712
1469	0	2713
1470	0	2712
1471	0	2726
1472	0	2717
1473	0	2717
1474	0	2728
1475	0	2728
1476	0	2712
1477	0	2717
1478	0	2717
1479	0	2717
1480	0	2717
1481	0	2717
1482	0	2717
1483	0	2717
1484	0	2717
1485	0	2726
1486	0	2727
1487	0	2719
1488	0	2724
1489	0	2726
1490	0	2714
1491	0	2717
1492	0	2717
1493	0	2717
1494	0	2717
1495	0	2712
1496	0	2726
1497	0	2726
1498	0	2712
1499	0	2719
1500	0	2713
1501	0	2726
1502	0	2717
1503	0	2714
1504	0	2713
1505	0	2713
1506	0	2717
1507	0	2713
1508	0	2711
1509	0	2711
1510	0	2726
1511	0	2711
1512	0	2711
1513	0	2726
1514	0	2725
1515	0	2711
1516	0	2711
1517	0	2711
1518	0	2711
1519	0	2712
1520	0	2714
1521	0	2726
1522	0	2711
1523	0	2711
1524	0	2717
1525	0	2717
1526	0	2717
1527	0	2717
1528	0	2717
1529	0	2717
1530	0	2717
1531	0	2724
1532	0	2724
1533	0	2717
1534	0	2717
1535	0	2717
1536	0	2722
1537	0	2713
1538	0	2711
1539	0	2711
1540	0	2711
1541	0	2711
1542	0	2713
1543	0	2713
1544	0	2711
1545	0	2711
1546	0	2711
1547	0	2711
1548	0	2713
1549	0	2711
1550	0	2711
1551	0	2711
1552	0	2711
1554	0	2711
1555	0	2711
1556	0	2711
1557	0	2711
1558	0	2711
1559	0	2711
1560	0	2711
1561	0	2711
1563	0	2711
1564	0	2724
1565	0	2724
1566	0	2714
1567	0	2711
1569	0	2711
1570	0	2712
1571	0	2717
1572	0	2717
1573	0	2717
1574	0	2717
1575	0	2717
1576	0	2725
1577	0	2717
1578	0	2717
1579	0	2725
1580	0	2725
1581	0	2725
1582	0	2717
1583	0	2717
1584	0	2725
1585	0	2717
1586	0	2717
1587	0	2717
1588	0	2717
1589	0	2717
1590	0	2712
1591	0	2717
1592	0	2711
1593	0	2711
1594	0	2727
1595	0	2727
1597	0	2727
1598	0	2727
1599	0	2727
1600	0	2727
1601	0	2727
1602	0	2727
1603	0	2727
1604	0	2727
1605	0	2727
1606	0	2727
1607	0	2727
1608	0	2727
1609	0	2727
1610	0	2727
1611	0	2727
1612	0	2727
1613	0	2727
1614	0	2727
1615	0	2727
1616	0	2727
1617	0	2727
1618	0	2727
1619	0	2727
1620	0	2727
1621	0	2727
1622	0	2727
1625	0	2727
1626	0	2727
1627	0	2727
1628	0	2727
1629	0	2727
1630	0	2727
1631	0	2727
1632	0	2727
1633	0	2727
1634	0	2727
1635	0	2727
1636	0	2727
1637	0	2727
1638	0	2727
1639	0	2727
1640	0	2727
1641	0	2727
1642	0	2727
1643	0	2727
1644	0	2727
1645	0	2727
1646	0	2727
1647	0	2727
1648	0	2727
1649	0	2727
1650	0	2727
1651	0	2727
1652	0	2727
1653	0	2727
1654	0	2727
1655	0	2727
1656	0	2727
1658	0	2727
1659	0	2727
1660	0	2727
1661	0	2727
1662	0	2727
1663	0	2727
1664	0	2727
1665	0	2727
1666	0	2727
1667	0	2727
1668	0	2727
1669	0	2727
1670	0	2727
1671	0	2727
1672	0	2727
1673	0	2727
1674	0	2727
1675	0	2727
1676	0	2727
1677	0	2727
1678	0	2727
1679	0	2727
1680	0	2727
1681	0	2727
1682	0	2727
1683	0	2727
1684	0	2727
1685	0	2727
1686	0	2727
1687	0	2727
1688	0	2727
1689	0	2727
1690	0	2727
1691	0	2727
1692	0	2727
1693	0	2727
1694	0	2727
1695	0	2727
1696	0	2727
1697	0	2727
1698	0	2727
1699	0	2727
1700	0	2727
1701	0	2727
1702	0	2727
1703	0	2727
1704	0	2727
1705	0	2727
1706	0	2727
1707	0	2727
1708	0	2727
1709	0	2727
1710	0	2727
1711	0	2727
1712	0	2727
1713	0	2727
1714	0	2727
1715	0	2727
1716	0	2727
1717	0	2727
1718	0	2727
1719	0	2727
1720	0	2727
1721	0	2727
1722	0	2727
1723	0	2727
1724	0	2727
1725	0	2727
1726	0	2727
1727	0	2727
1728	0	2727
1729	0	2727
1730	0	2727
1731	0	2727
1732	0	2727
1733	0	2727
1734	0	2727
1735	0	2727
1736	0	2727
1737	0	2727
1738	0	2727
1739	0	2727
1740	0	2727
1741	0	2727
1742	0	2727
1743	0	2727
1744	0	2727
1745	0	2727
1746	0	2727
1747	0	2727
1748	0	2727
1749	0	2727
1750	0	2727
1751	0	2727
1752	0	2727
1753	0	2727
1754	0	2727
1755	0	2727
1756	0	2727
1757	0	2727
1758	0	2727
1759	0	2727
1760	0	2727
1761	0	2727
1762	0	2727
1763	0	2727
1764	0	2727
1765	0	2727
1766	0	2727
1767	0	2727
1768	0	2727
1769	0	2727
1770	0	2727
1771	0	2727
1772	0	2727
1773	0	2727
1774	0	2727
1775	0	2727
1776	0	2727
1777	0	2727
1779	0	2727
1780	0	2727
1781	0	2727
1782	0	2727
1783	0	2727
1784	0	2727
1785	0	2727
1786	0	2727
1787	0	2727
1788	0	2727
1789	0	2727
1791	0	2727
1792	0	2727
1793	0	2727
1794	0	2727
1795	0	2727
1796	0	2727
1797	0	2727
1798	0	2727
1799	0	2727
1800	0	2727
1801	0	2727
1802	0	2727
1803	0	2727
1804	0	2727
1806	0	2724
1807	0	2724
1808	0	2724
1809	0	2727
1810	0	2727
1811	0	2727
1812	0	2724
1813	0	2724
1814	0	2724
1815	0	2724
1816	0	2727
1817	0	2725
1818	0	2725
1819	0	2727
1820	0	2725
1821	0	2725
1822	0	2725
1823	0	2727
1824	0	2727
1825	0	2724
1826	0	2724
1828	0	2727
1829	0	2727
1830	0	2724
1831	0	2725
1832	0	2724
1833	0	2727
1834	0	2727
1835	0	2727
1836	0	2726
1837	0	2727
1838	0	2724
1839	0	2724
1840	0	2726
1841	0	2727
1842	0	2727
1843	0	2724
1844	0	2724
1845	0	2727
1846	0	2724
1847	0	2724
1848	0	2727
1849	0	2727
1850	0	2724
1851	0	2727
1852	0	2727
1853	0	2727
1854	0	2727
1855	0	2727
1856	0	2727
1857	0	2727
1858	0	2727
1859	0	2727
1860	0	2727
1861	0	2727
1862	0	2723
1863	0	2723
1864	0	2727
1865	0	2727
1866	0	2727
1867	0	2727
1868	0	2727
1869	0	2727
1870	0	2727
1871	0	2727
1872	0	2727
1873	0	2727
1874	0	2724
1875	0	2724
1876	0	2724
1877	0	2724
1878	0	2727
1879	0	2727
1880	0	2727
1881	0	2727
1882	0	2727
1883	0	2727
1884	0	2727
1885	0	2727
1886	0	2727
1887	0	2727
1888	0	2727
1889	0	2724
1890	0	2727
1891	0	2727
1892	0	2724
1893	0	2724
1894	0	2724
1895	0	2723
1896	0	2727
1897	0	2727
1898	0	2727
1899	0	2727
1900	0	2727
1901	0	2727
1902	0	2727
1903	0	2727
1905	0	2727
1906	0	2727
1907	0	2727
1908	0	2727
1909	0	2727
1910	0	2727
1911	0	2727
1912	0	2727
1913	0	2727
1915	0	2727
1916	0	2725
1917	0	2726
1918	0	2727
1919	0	2727
1920	0	2727
1921	0	2727
1922	0	2727
1923	0	2725
1924	0	2726
1925	0	2727
1926	0	2727
1927	0	2727
1928	0	2711
1929	0	2711
1930	0	2711
1931	0	2714
1932	0	2714
1933	0	2714
1934	0	2713
1935	0	2713
1936	0	2713
1937	0	2713
1938	0	2713
1939	0	2713
1940	0	2713
1941	0	2713
1942	0	2713
1943	0	2711
1944	0	2711
1945	0	2715
1946	0	2713
1947	0	2711
1948	0	2711
1949	0	2711
1950	0	2711
1951	0	2711
1952	0	2711
1953	0	2714
1954	0	2713
1955	0	2713
1956	0	2713
1957	0	2713
1958	0	2713
1959	0	2713
1960	0	2713
1961	0	2713
1962	0	2713
1963	0	2713
1964	0	2713
1965	0	2713
1966	0	2713
1967	0	2713
1968	0	2713
1969	0	2713
1970	0	2711
1971	0	2713
1972	0	2713
1973	0	2715
1974	0	2715
1975	0	2715
1976	0	2715
1977	0	2711
1978	0	2711
1979	0	2711
1980	0	2711
1981	0	2711
1982	0	2726
1983	0	2711
1984	0	2711
1985	0	2713
1986	0	2713
1987	0	2713
1988	0	2713
1989	0	2713
1990	0	2713
1991	0	2713
1992	0	2713
1993	0	2713
1994	0	2713
1995	0	2713
1996	0	2713
1997	0	2713
1998	0	2713
1999	0	2713
2000	0	2713
2001	0	2713
2002	0	2713
2003	0	2713
2004	0	2713
2005	0	2713
2006	0	2713
2007	0	2713
2008	0	2712
2009	0	2713
2010	0	2713
2011	0	2715
2012	0	2715
2013	0	2713
2014	0	2713
2015	0	2713
2016	0	2713
2017	0	2714
2018	0	2713
2019	0	2713
2020	0	2712
2021	0	2713
2022	0	2713
2023	0	2713
2024	0	2713
2025	0	2726
2026	0	2711
2027	0	2715
2028	0	2724
2029	0	2724
2030	0	2713
2031	0	2713
2032	0	2713
2033	0	2713
2034	0	2713
2035	0	2713
2036	0	2713
2037	0	2713
2038	0	2714
2039	0	2713
2040	0	2714
2041	0	2714
2042	0	2713
2043	0	2713
2044	0	2713
2045	0	2713
2046	0	2713
2047	0	2713
2048	0	2714
2049	0	2713
2050	0	2713
2051	0	2714
2052	0	2713
2053	0	2713
2054	0	2713
2055	0	2713
2056	0	2713
2057	0	2713
2058	0	2713
2059	0	2713
2060	0	2713
2061	0	2713
2062	0	2713
2063	0	2711
2064	0	2711
2065	0	2713
2066	0	2711
2067	0	2711
2068	0	2711
2069	0	2711
2070	0	2711
2071	0	2711
2072	0	2711
2073	0	2711
2074	0	2711
2075	0	2711
2076	0	2711
2077	0	2711
2078	0	2711
2079	0	2711
2080	0	2711
2081	0	2711
2082	0	2711
2083	0	2711
2084	0	2711
2085	0	2711
2086	0	2711
2087	0	2711
2088	0	2711
2089	0	2711
2090	0	2713
2091	0	2713
2092	0	2711
2093	0	2711
2094	0	2711
2095	0	2711
2096	0	2711
2097	0	2711
2098	0	2711
2099	0	2711
2100	0	2711
2101	0	2711
2102	0	2711
2103	0	2711
2104	0	2724
2105	0	2711
2106	0	2711
2107	0	2711
2108	0	2711
2109	0	2711
2110	0	2711
2111	0	2714
2112	0	2712
2113	0	2716
2114	0	2712
2115	0	2711
2116	0	2711
2117	0	2711
2118	0	2711
2119	0	2711
2120	0	2713
2121	0	2711
2122	0	2713
2123	0	2713
2124	0	2713
2125	0	2712
2126	0	2711
2127	0	2716
2128	0	2716
2129	0	2713
2130	0	2711
2131	0	2726
2132	0	2713
2133	0	2713
2134	0	2711
2135	0	2711
2136	0	2711
2137	0	2711
2138	0	2711
2139	0	2713
2140	0	2713
2141	0	2712
2142	0	2712
2143	0	2712
2144	0	2712
2145	0	2713
2146	0	2713
2147	0	2713
2148	0	2712
2149	0	2714
2150	0	2725
2151	0	2713
2152	0	2713
2153	0	2714
2154	0	2714
2155	0	2712
2156	0	2713
2157	0	2711
2158	0	2714
2159	0	2714
2160	0	2714
2161	0	2714
2162	0	2713
2163	0	2714
2164	0	2714
2165	0	2714
2166	0	2714
2167	0	2726
2168	0	2726
2169	0	2726
2170	0	2726
2171	0	2726
2172	0	2711
2173	0	2711
2174	0	2711
2175	0	2713
2176	0	2714
2177	0	2726
2178	0	2726
2179	0	2726
2180	0	2726
2181	0	2714
2182	0	2714
2183	0	2714
2184	0	2714
2185	0	2726
2186	0	2726
2187	0	2711
2188	0	2712
2189	0	2716
2190	0	2716
2191	0	2716
2192	0	2713
2193	0	2716
2194	0	2716
0	1	2597
1	1	2597
2	1	2597
3	1	2598
4	1	2598
5	1	2599
6	1	2600
7	1	2598
8	1	2598
9	1	2597
10	1	2597
11	1	2601
12	1	2601
13	1	2602
14	1	2601
15	1	2597
16	1	2597
17	1	2597
18	1	2597
19	1	2601
20	1	2601
21	1	2601
22	1	2602
23	1	2603
24	1	2597
25	1	2601
26	1	2601
27	1	2601
28	1	2604
29	1	2597
30	1	2605
31	1	2601
32	1	2601
33	1	2601
34	1	2601
35	1	2601
36	1	2601
37	1	2601
38	1	2601
39	1	2601
40	1	2601
41	1	2601
42	1	2606
43	1	2601
44	1	2601
45	1	2607
46	1	2597
47	1	2601
48	1	2601
49	1	2608
50	1	2601
51	1	2601
52	1	2605
53	1	2601
54	1	2601
55	1	2601
56	1	2601
57	1	2597
58	1	2597
59	1	2601
60	1	2605
61	1	2597
62	1	2601
63	1	2601
64	1	2601
65	1	2609
66	1	2605
67	1	2597
68	1	2601
69	1	2597
70	1	2597
71	1	2597
72	1	2597
73	1	2598
74	1	2601
75	1	2601
76	1	2610
77	1	2597
78	1	2601
79	1	2601
80	1	2605
81	1	2610
82	1	2601
83	1	2598
84	1	2598
85	1	2597
86	1	2605
87	1	2598
88	1	2597
89	1	2598
90	1	2597
91	1	2597
92	1	2597
93	1	2603
94	1	2608
95	1	2608
96	1	2598
97	1	2598
98	1	2605
99	1	2598
100	1	2598
101	1	2605
102	1	2597
103	1	2597
104	1	2598
105	1	2598
106	1	2598
107	1	2611
109	1	2612
110	1	2613
111	1	2614
112	1	2615
113	1	2616
114	1	2598
115	1	2598
116	1	2598
117	1	2597
118	1	2598
119	1	2598
120	1	2598
121	1	2598
122	1	2597
123	1	2603
124	1	2598
125	1	2598
126	1	2598
127	1	2608
128	1	2597
129	1	2598
130	1	2598
131	1	2611
132	1	2617
133	1	2617
134	1	2617
135	1	2617
136	1	2617
137	1	2617
138	1	2617
139	1	2617
140	1	2617
141	1	2597
142	1	2597
143	1	2611
144	1	2611
145	1	2611
146	1	2611
147	1	2598
148	1	2598
149	1	2598
150	1	2616
151	1	2599
152	1	2617
153	1	2617
154	1	2617
155	1	2617
156	1	2617
157	1	2617
158	1	2617
159	1	2617
160	1	2597
161	1	2616
162	1	2597
163	1	2617
164	1	2617
165	1	2618
166	1	2611
167	1	2611
168	1	2599
169	1	2616
170	1	2619
171	1	2620
172	1	2597
173	1	2620
174	1	2620
175	1	2601
176	1	2620
177	1	2620
178	1	2611
179	1	2617
180	1	2617
181	1	2617
182	1	2617
183	1	2617
184	1	2621
185	1	2602
186	1	2617
187	1	2612
188	1	2598
189	1	2617
190	1	2597
191	1	2622
192	1	2623
193	1	2611
194	1	2611
195	1	2611
196	1	2598
197	1	2617
198	1	2617
199	1	2617
200	1	2617
201	1	2617
202	1	2617
203	1	2617
204	1	2597
205	1	2597
206	1	2597
207	1	2597
208	1	2597
209	1	2620
210	1	2624
211	1	2617
212	1	2617
213	1	2617
214	1	2617
215	1	2616
216	1	2616
217	1	2597
218	1	2597
219	1	2616
220	1	2597
221	1	2597
222	1	2601
223	1	2600
224	1	2625
225	1	2625
226	1	2612
227	1	2611
228	1	2626
229	1	2617
230	1	2598
231	1	2617
232	1	2617
233	1	2597
234	1	2617
235	1	2617
236	1	2617
237	1	2617
238	1	2623
239	1	2617
240	1	2617
241	1	2611
242	1	2611
243	1	2627
244	1	2617
245	1	2617
246	1	2617
247	1	2628
248	1	2626
249	1	2611
250	1	2616
251	1	2597
252	1	2597
253	1	2597
254	1	2597
255	1	2617
256	1	2617
257	1	2617
258	1	2597
259	1	2616
260	1	2616
261	1	2617
262	1	2617
263	1	2597
264	1	2617
265	1	2617
266	1	2628
267	1	2613
268	1	2617
269	1	2617
270	1	2617
271	1	2611
272	1	2617
273	1	2597
274	1	2597
275	1	2629
276	1	2624
277	1	2597
278	1	2630
279	1	2616
280	1	2616
281	1	2597
282	1	2631
283	1	2601
284	1	2601
285	1	2612
286	1	2602
287	1	2598
288	1	2601
289	1	2619
290	1	2601
291	1	2597
292	1	2601
293	1	2619
294	1	2601
295	1	2602
296	1	2601
297	1	2601
298	1	2597
299	1	2597
301	1	2632
302	1	2597
303	1	2597
304	1	2601
305	1	2597
306	1	2601
307	1	2602
308	1	2633
309	1	2609
310	1	2598
311	1	2609
312	1	2601
313	1	2634
315	1	2635
316	1	2600
317	1	2602
318	1	2617
319	1	2617
320	1	2617
321	1	2636
322	1	2634
323	1	2637
324	1	2605
325	1	2610
326	1	2597
327	1	2638
328	1	2597
329	1	2602
330	1	2616
331	1	2617
332	1	2630
333	1	2605
334	1	2620
335	1	2617
336	1	2619
337	1	2639
338	1	2602
339	1	2605
340	1	2597
341	1	2616
342	1	2619
343	1	2619
344	1	2611
345	1	2617
346	1	2605
347	1	2624
348	1	2639
349	1	2639
350	1	2639
351	1	2624
352	1	2605
353	1	2619
354	1	2617
355	1	2616
356	1	2605
357	1	2632
358	1	2626
359	1	2624
360	1	2605
361	1	2597
362	1	2605
363	1	2640
364	1	2639
365	1	2605
366	1	2617
367	1	2617
368	1	2617
369	1	2617
370	1	2597
371	1	2613
372	1	2597
373	1	2620
374	1	2617
375	1	2616
376	1	2597
377	1	2619
378	1	2635
379	1	2632
380	1	2617
381	1	2605
382	1	2617
383	1	2617
384	1	2617
385	1	2617
386	1	2627
387	1	2617
388	1	2617
389	1	2617
390	1	2617
391	1	2605
392	1	2617
393	1	2617
394	1	2619
395	1	2624
396	1	2624
397	1	2611
398	1	2639
399	1	2597
400	1	2598
401	1	2598
402	1	2598
403	1	2611
404	1	2619
405	1	2602
406	1	2597
407	1	2602
408	1	2609
409	1	2617
410	1	2617
411	1	2605
412	1	2617
413	1	2617
414	1	2617
415	1	2617
416	1	2617
417	1	2641
418	1	2626
419	1	2624
420	1	2619
421	1	2617
422	1	2617
423	1	2617
424	1	2617
425	1	2605
426	1	2617
427	1	2600
428	1	2617
429	1	2611
430	1	2624
431	1	2639
432	1	2597
433	1	2617
434	1	2624
435	1	2600
436	1	2619
437	1	2611
438	1	2605
439	1	2617
440	1	2617
441	1	2617
442	1	2617
443	1	2617
444	1	2642
445	1	2639
446	1	2617
447	1	2617
448	1	2643
449	1	2625
450	1	2639
451	1	2605
452	1	2605
453	1	2617
454	1	2617
455	1	2617
456	1	2617
457	1	2617
458	1	2617
459	1	2617
460	1	2617
461	1	2619
462	1	2617
463	1	2598
464	1	2624
465	1	2616
466	1	2644
467	1	2644
468	1	2629
469	1	2625
470	1	2617
471	1	2605
472	1	2605
473	1	2598
474	1	2598
475	1	2605
476	1	2619
477	1	2617
478	1	2617
479	1	2617
480	1	2617
481	1	2617
482	1	2597
483	1	2611
484	1	2630
485	1	2632
486	1	2611
487	1	2598
488	1	2598
489	1	2598
490	1	2620
491	1	2630
492	1	2630
493	1	2630
494	1	2635
495	1	2609
496	1	2616
497	1	2605
498	1	2639
499	1	2639
500	1	2624
501	1	2638
502	1	2616
503	1	2617
504	1	2600
505	1	2619
506	1	2639
507	1	2610
508	1	2602
509	1	2636
510	1	2636
511	1	2617
512	1	2609
513	1	2598
514	1	2598
515	1	2605
516	1	2636
517	1	2636
518	1	2645
519	1	2637
520	1	2600
521	1	2640
522	1	2640
523	1	2624
524	1	2624
525	1	2610
526	1	2605
527	1	2617
528	1	2646
529	1	2617
530	1	2610
531	1	2634
532	1	2624
533	1	2640
534	1	2624
535	1	2640
536	1	2624
537	1	2624
538	1	2624
539	1	2624
540	1	2640
541	1	2624
542	1	2624
543	1	2624
544	1	2640
545	1	2624
546	1	2640
547	1	2641
548	1	2610
549	1	2597
550	1	2597
551	1	2598
552	1	2639
553	1	2597
555	1	2610
556	1	2617
557	1	2600
558	1	2609
559	1	2600
560	1	2600
561	1	2638
562	1	2638
563	1	2638
564	1	2647
565	1	2611
566	1	2639
567	1	2640
568	1	2641
569	1	2617
570	1	2617
571	1	2617
572	1	2617
573	1	2617
574	1	2617
575	1	2617
576	1	2617
577	1	2617
578	1	2617
579	1	2617
580	1	2617
581	1	2632
582	1	2617
583	1	2617
584	1	2617
585	1	2597
586	1	2617
587	1	2617
588	1	2617
589	1	2617
590	1	2617
591	1	2617
592	1	2617
593	1	2617
594	1	2617
595	1	2617
596	1	2617
597	1	2617
598	1	2617
599	1	2617
600	1	2617
601	1	2617
602	1	2617
603	1	2617
604	1	2617
605	1	2617
606	1	2597
607	1	2617
608	1	2648
609	1	2617
610	1	2648
611	1	2649
612	1	2617
613	1	2617
614	1	2617
615	1	2617
616	1	2617
617	1	2624
618	1	2635
619	1	2598
620	1	2617
621	1	2617
622	1	2611
623	1	2598
624	1	2617
625	1	2617
626	1	2617
627	1	2617
628	1	2617
629	1	2617
630	1	2632
631	1	2650
632	1	2624
633	1	2605
634	1	2651
635	1	2639
636	1	2643
637	1	2617
638	1	2617
639	1	2626
640	1	2617
641	1	2617
642	1	2597
643	1	2624
644	1	2617
645	1	2617
646	1	2617
647	1	2624
648	1	2639
649	1	2605
650	1	2640
651	1	2626
652	1	2626
653	1	2626
654	1	2626
655	1	2626
656	1	2626
657	1	2605
658	1	2652
659	1	2638
660	1	2617
661	1	2609
662	1	2605
663	1	2630
664	1	2598
665	1	2617
666	1	2603
667	1	2611
668	1	2605
669	1	2617
670	1	2617
671	1	2626
672	1	2626
673	1	2626
674	1	2626
675	1	2638
676	1	2609
677	1	2609
678	1	2653
679	1	2605
680	1	2640
681	1	2598
682	1	2611
683	1	2630
684	1	2617
685	1	2617
686	1	2617
687	1	2598
688	1	2630
689	1	2617
690	1	2626
691	1	2626
692	1	2639
693	1	2635
694	1	2626
695	1	2617
696	1	2617
697	1	2611
698	1	2617
699	1	2611
700	1	2630
701	1	2630
702	1	2611
703	1	2642
704	1	2600
705	1	2600
706	1	2600
707	1	2638
708	1	2626
709	1	2605
710	1	2617
711	1	2617
712	1	2630
713	1	2624
714	1	2603
715	1	2617
716	1	2617
717	1	2597
718	1	2614
719	1	2614
720	1	2614
721	1	2614
722	1	2614
723	1	2614
724	1	2611
725	1	2614
726	1	2614
727	1	2614
728	1	2614
729	1	2614
730	1	2614
731	1	2614
732	1	2617
733	1	2598
734	1	2614
735	1	2614
736	1	2607
737	1	2654
738	1	2598
739	1	2615
740	1	2615
741	1	2617
742	1	2614
743	1	2615
744	1	2617
745	1	2617
746	1	2602
747	1	2607
748	1	2618
749	1	2655
750	1	2629
751	1	2656
752	1	2609
753	1	2614
754	1	2614
755	1	2614
756	1	2657
757	1	2629
758	1	2658
759	1	2658
760	1	2606
761	1	2629
762	1	2610
763	1	2646
764	1	2659
765	1	2660
766	1	2607
767	1	2614
768	1	2597
769	1	2655
770	1	2610
771	1	2597
772	1	2597
773	1	2657
774	1	2597
775	1	2661
776	1	2607
777	1	2646
778	1	2610
779	1	2614
780	1	2645
781	1	2629
782	1	2609
783	1	2644
784	1	2614
785	1	2614
786	1	2657
787	1	2656
788	1	2614
789	1	2597
791	1	2645
792	1	2662
793	1	2610
794	1	2646
795	1	2597
796	1	2615
797	1	2615
798	1	2615
799	1	2614
800	1	2614
801	1	2614
802	1	2614
803	1	2615
804	1	2614
805	1	2614
806	1	2614
807	1	2614
808	1	2614
809	1	2654
810	1	2609
811	1	2609
812	1	2597
813	1	2615
814	1	2614
815	1	2614
816	1	2614
817	1	2614
818	1	2613
819	1	2629
820	1	2657
821	1	2663
822	1	2617
823	1	2614
824	1	2614
825	1	2613
826	1	2614
827	1	2614
828	1	2615
829	1	2620
830	1	2658
831	1	2617
832	1	2657
833	1	2656
834	1	2597
835	1	2657
836	1	2632
837	1	2597
838	1	2597
839	1	2661
840	1	2620
841	1	2615
842	1	2615
843	1	2620
844	1	2613
845	1	2617
846	1	2617
847	1	2613
848	1	2620
849	1	2615
850	1	2613
851	1	2615
852	1	2613
853	1	2597
854	1	2656
855	1	2614
856	1	2614
857	1	2617
858	1	2614
859	1	2614
860	1	2614
861	1	2614
862	1	2614
863	1	2620
864	1	2615
865	1	2614
866	1	2620
867	1	2615
868	1	2657
869	1	2614
870	1	2646
871	1	2597
872	1	2620
873	1	2615
874	1	2609
875	1	2663
876	1	2597
877	1	2597
878	1	2597
879	1	2597
880	1	2614
881	1	2617
882	1	2615
883	1	2615
884	1	2620
885	1	2614
886	1	2597
887	1	2615
888	1	2663
889	1	2615
890	1	2663
891	1	2620
892	1	2615
893	1	2617
894	1	2664
895	1	2663
896	1	2597
897	1	2615
898	1	2657
899	1	2617
900	1	2620
901	1	2617
902	1	2620
903	1	2614
904	1	2620
905	1	2617
906	1	2614
907	1	2615
908	1	2617
909	1	2617
910	1	2615
911	1	2613
912	1	2614
913	1	2598
914	1	2617
915	1	2614
916	1	2615
917	1	2614
918	1	2657
919	1	2614
920	1	2615
921	1	2597
922	1	2615
923	1	2617
924	1	2614
925	1	2614
926	1	2620
927	1	2614
928	1	2598
929	1	2617
930	1	2609
931	1	2620
932	1	2609
933	1	2609
934	1	2620
935	1	2609
936	1	2617
937	1	2609
938	1	2609
939	1	2617
940	1	2617
941	1	2609
942	1	2609
943	1	2597
944	1	2597
945	1	2598
946	1	2617
947	1	2617
948	1	2617
949	1	2609
950	1	2597
951	1	2598
952	1	2611
953	1	2609
954	1	2611
955	1	2611
956	1	2611
957	1	2611
958	1	2611
959	1	2598
960	1	2609
961	1	2609
962	1	2616
963	1	2609
964	1	2616
965	1	2611
966	1	2609
967	1	2611
968	1	2616
969	1	2614
970	1	2617
971	1	2609
972	1	2617
973	1	2626
974	1	2626
975	1	2626
976	1	2611
977	1	2640
978	1	2640
979	1	2605
980	1	2638
981	1	2609
982	1	2617
983	1	2611
984	1	2638
985	1	2640
986	1	2640
987	1	2640
988	1	2640
989	1	2628
990	1	2657
991	1	2638
992	1	2638
993	1	2597
994	1	2597
995	1	2597
996	1	2597
997	1	2638
998	1	2638
999	1	2602
1000	1	2650
1001	1	2619
1002	1	2597
1003	1	2617
1004	1	2617
1005	1	2639
1006	1	2665
1007	1	2605
1008	1	2617
1009	1	2617
1010	1	2617
1011	1	2617
1012	1	2650
1013	1	2605
1014	1	2616
1015	1	2666
1016	1	2666
1017	1	2666
1018	1	2666
1019	1	2666
1020	1	2666
1021	1	2666
1022	1	2666
1023	1	2624
1024	1	2630
1025	1	2666
1026	1	2666
1027	1	2666
1028	1	2666
1029	1	2666
1030	1	2666
1031	1	2666
1032	1	2666
1033	1	2666
1034	1	2666
1035	1	2666
1036	1	2666
1037	1	2640
1038	1	2615
1039	1	2650
1040	1	2637
1041	1	2614
1042	1	2613
1043	1	2667
1044	1	2603
1045	1	2631
1046	1	2601
1047	1	2638
1048	1	2631
1049	1	2597
1050	1	2597
1051	1	2639
1052	1	2645
1053	1	2641
1054	1	2639
1055	1	2617
1056	1	2619
1057	1	2639
1058	1	2617
1059	1	2597
1060	1	2622
1061	1	2600
1062	1	2597
1063	1	2631
1064	1	2617
1065	1	2597
1066	1	2597
1067	1	2597
1068	1	2666
1069	1	2666
1070	1	2667
1071	1	2605
1072	1	2605
1073	1	2605
1074	1	2624
1075	1	2617
1076	1	2617
1077	1	2617
1078	1	2617
1079	1	2612
1080	1	2609
1081	1	2630
1082	1	2624
1083	1	2617
1084	1	2663
1085	1	2617
1086	1	2617
1087	1	2617
1088	1	2610
1089	1	2610
1090	1	2597
1091	1	2597
1092	1	2661
1093	1	2598
1094	1	2598
1095	1	2601
1096	1	2617
1097	1	2602
1098	1	2656
1099	1	2597
1100	1	2597
1101	1	2619
1102	1	2619
1103	1	2605
1104	1	2617
1105	1	2617
1106	1	2640
1107	1	2617
1108	1	2617
1109	1	2619
1110	1	2617
1111	1	2617
1112	1	2617
1113	1	2617
1114	1	2617
1115	1	2617
1116	1	2617
1117	1	2617
1118	1	2617
1119	1	2611
1120	1	2617
1121	1	2605
1122	1	2620
1123	1	2641
1124	1	2611
1125	1	2642
1126	1	2617
1127	1	2640
1128	1	2617
1129	1	2617
1130	1	2617
1131	1	2617
1132	1	2617
1133	1	2617
1134	1	2617
1135	1	2617
1136	1	2600
1137	1	2617
1138	1	2617
1139	1	2617
1140	1	2617
1141	1	2617
1142	1	2617
1143	1	2638
1144	1	2617
1145	1	2617
1146	1	2617
1147	1	2617
1148	1	2617
1149	1	2617
1150	1	2617
1151	1	2636
1152	1	2617
1153	1	2605
1154	1	2617
1155	1	2617
1156	1	2597
1157	1	2617
1158	1	2617
1159	1	2617
1160	1	2643
1161	1	2605
1162	1	2630
1163	1	2617
1164	1	2617
1165	1	2617
1166	1	2630
1167	1	2617
1168	1	2617
1169	1	2617
1170	1	2638
1171	1	2617
1172	1	2661
1173	1	2636
1174	1	2636
1175	1	2597
1176	1	2597
1177	1	2615
1178	1	2614
1179	1	2617
1180	1	2664
1181	1	2615
1182	1	2664
1183	1	2597
1184	1	2663
1185	1	2663
1186	1	2629
1187	1	2657
1188	1	2615
1189	1	2615
1190	1	2597
1191	1	2597
1192	1	2657
1193	1	2668
1194	1	2654
1195	1	2597
1196	1	2598
1197	1	2609
1198	1	2609
1199	1	2620
1200	1	2609
1201	1	2617
1202	1	2611
1203	1	2617
1204	1	2617
1205	1	2617
1206	1	2666
1207	1	2605
1208	1	2617
1209	1	2666
1210	1	2617
1211	1	2617
1212	1	2630
1213	1	2601
1214	1	2619
1215	1	2617
1216	1	2666
1217	1	2617
1218	1	2617
1219	1	2617
1220	1	2617
1221	1	2605
1222	1	2617
1223	1	2619
1224	1	2617
1225	1	2605
1226	1	2666
1227	1	2643
1228	1	2619
1229	1	2616
1230	1	2620
1231	1	2636
1232	1	2669
1233	1	2666
1234	1	2617
1235	1	2617
1236	1	2617
1237	1	2617
1238	1	2666
1239	1	2617
1240	1	2617
1241	1	2666
1242	1	2619
1243	1	2617
1244	1	2667
1245	1	2624
1246	1	2666
1247	1	2670
1248	1	2671
1249	1	2605
1250	1	2672
1251	1	2672
1252	1	2673
1253	1	2674
1254	1	2643
1255	1	2624
1256	1	2638
1257	1	2638
1258	1	2654
1259	1	2615
1260	1	2614
1261	1	2647
1262	1	2617
1263	1	2643
1264	1	2632
1265	1	2622
1266	1	2622
1267	1	2622
1268	1	2622
1269	1	2622
1270	1	2638
1271	1	2638
1272	1	2610
1273	1	2660
1274	1	2622
1275	1	2597
1276	1	2615
1277	1	2622
1278	1	2675
1279	1	2675
1280	1	2638
1281	1	2597
1282	1	2615
1283	1	2613
1284	1	2638
1285	1	2614
1286	1	2597
1287	1	2676
1288	1	2617
1289	1	2635
1290	1	2677
1291	1	2654
1292	1	2598
1293	1	2659
1294	1	2615
1295	1	2598
1296	1	2617
1297	1	2609
1298	1	2598
1299	1	2617
1300	1	2597
1301	1	2615
1302	1	2643
1303	1	2631
1304	1	2636
1305	1	2601
1306	1	2625
1307	1	2610
1308	1	2617
1309	1	2617
1310	1	2620
1311	1	2617
1312	1	2615
1313	1	2618
1314	1	2610
1315	1	2610
1316	1	2678
1317	1	2610
1318	1	2629
1319	1	2613
1320	1	2610
1321	1	2610
1322	1	2636
1323	1	2636
1324	1	2636
1325	1	2657
1326	1	2644
1327	1	2606
1328	1	2607
1329	1	2657
1330	1	2618
1331	1	2629
1332	1	2678
1333	1	2618
1334	1	2618
1335	1	2636
1336	1	2610
1337	1	2644
1338	1	2629
1339	1	2629
1340	1	2629
1341	1	2657
1342	1	2597
1343	1	2618
1344	1	2618
1345	1	2601
1346	1	2601
1347	1	2601
1348	1	2601
1349	1	2601
1350	1	2679
1351	1	2623
1352	1	2680
1353	1	2646
1354	1	2629
1355	1	2637
1356	1	2657
1357	1	2601
1358	1	2606
1359	1	2644
1360	1	2601
1361	1	2602
1362	1	2657
1363	1	2601
1364	1	2681
1365	1	2633
1366	1	2656
1367	1	2656
1368	1	2680
1369	1	2618
1370	1	2678
1371	1	2615
1372	1	2613
1373	1	2664
1374	1	2597
1375	1	2661
1376	1	2664
1377	1	2597
1378	1	2597
1379	1	2597
1380	1	2597
1381	1	2597
1382	1	2664
1383	1	2664
1384	1	2664
1385	1	2664
1386	1	2661
1387	1	2661
1388	1	2641
1389	1	2615
1390	1	2597
1391	1	2618
1392	1	2617
1393	1	2661
1394	1	2615
1395	1	2615
1396	1	2615
1397	1	2617
1398	1	2615
1399	1	2615
1400	1	2617
1401	1	2620
1402	1	2620
1403	1	2617
1404	1	2617
1405	1	2615
1406	1	2615
1407	1	2617
1408	1	2617
1409	1	2615
1410	1	2598
1411	1	2603
1412	1	2598
1413	1	2617
1414	1	2598
1415	1	2615
1416	1	2617
1417	1	2603
1418	1	2598
1419	1	2598
1420	1	2675
1421	1	2617
1422	1	2615
1423	1	2620
1424	1	2603
1425	1	2611
1426	1	2598
1427	1	2616
1428	1	2615
1429	1	2615
1430	1	2615
1431	1	2598
1432	1	2664
1433	1	2619
1434	1	2619
1435	1	2609
1436	1	2629
1437	1	2600
1438	1	2682
1439	1	2638
1440	1	2657
1441	1	2657
1442	1	2664
1443	1	2598
1444	1	2619
1445	1	2619
1446	1	2619
1447	1	2619
1448	1	2619
1449	1	2619
1450	1	2652
1451	1	2619
1452	1	2617
1453	1	2661
1454	1	2600
1455	1	2600
1456	1	2656
1457	1	2656
1458	1	2614
1459	1	2597
1460	1	2598
1461	1	2611
1462	1	2609
1463	1	2669
1464	1	2622
1465	1	2683
1466	1	2647
1467	1	2672
1468	1	2679
1469	1	2612
1470	1	2645
1471	1	2654
1472	1	2672
1473	1	2684
1474	1	2685
1475	1	2685
1476	1	2655
1477	1	2670
1478	1	2622
1479	1	2672
1480	1	2684
1481	1	2672
1482	1	2672
1483	1	2684
1484	1	2672
1485	1	2638
1486	1	2666
1487	1	2643
1488	1	2632
1489	1	2654
1490	1	2657
1491	1	2672
1492	1	2686
1493	1	2684
1494	1	2684
1495	1	2600
1496	1	2654
1497	1	2677
1498	1	2645
1499	1	2624
1500	1	2601
1501	1	2654
1502	1	2687
1503	1	2656
1504	1	2664
1505	1	2662
1506	1	2672
1507	1	2601
1508	1	2597
1509	1	2597
1510	1	2654
1511	1	2617
1512	1	2614
1513	1	2677
1514	1	2633
1515	1	2615
1516	1	2614
1517	1	2598
1518	1	2620
1519	1	2605
1520	1	2688
1521	1	2677
1522	1	2616
1523	1	2616
1524	1	2674
1525	1	2674
1526	1	2674
1527	1	2674
1528	1	2674
1529	1	2674
1530	1	2675
1531	1	2689
1532	1	2689
1533	1	2674
1534	1	2674
1535	1	2674
1536	1	2630
1537	1	2601
1538	1	2617
1539	1	2617
1540	1	2617
1541	1	2611
1542	1	2601
1543	1	2601
1544	1	2615
1545	1	2615
1546	1	2597
1547	1	2617
1548	1	2613
1549	1	2617
1550	1	2617
1551	1	2616
1552	1	2617
1553	1	2619
1554	1	2617
1555	1	2617
1556	1	2617
1557	1	2617
1558	1	2620
1559	1	2617
1560	1	2617
1561	1	2617
1562	1	2619
1563	1	2611
1564	1	2635
1565	1	2635
1566	1	2657
1567	1	2617
1568	1	2619
1569	1	2617
1570	1	2652
1571	1	2625
1572	1	2625
1573	1	2625
1574	1	2625
1575	1	2625
1576	1	2659
1577	1	2625
1578	1	2625
1579	1	2659
1580	1	2659
1581	1	2659
1582	1	2686
1583	1	2622
1584	1	2659
1585	1	2672
1586	1	2675
1587	1	2648
1588	1	2690
1589	1	2648
1590	1	2599
1591	1	2672
1592	1	2598
1593	1	2598
1594	1	2691
1595	1	2692
1596	1	2667
1597	1	2693
1598	1	2693
1599	1	2694
1600	1	2695
1601	1	2694
1602	1	2694
1603	1	2696
1604	1	2696
1605	1	2692
1606	1	2694
1607	1	2692
1608	1	2691
1609	1	2691
1610	1	2697
1611	1	2698
1612	1	2699
1613	1	2700
1614	1	2701
1615	1	2692
1616	1	2692
1617	1	2692
1618	1	2691
1619	1	2692
1620	1	2692
1621	1	2692
1622	1	2665
1623	1	2667
1624	1	2667
1625	1	2694
1626	1	2700
1627	1	2698
1628	1	2692
1629	1	2694
1630	1	2702
1631	1	2700
1632	1	2703
1633	1	2698
1634	1	2692
1635	1	2701
1636	1	2701
1637	1	2701
1638	1	2700
1639	1	2700
1640	1	2700
1641	1	2702
1642	1	2702
1643	1	2702
1644	1	2702
1645	1	2699
1646	1	2694
1647	1	2701
1648	1	2701
1649	1	2700
1650	1	2701
1651	1	2700
1652	1	2700
1653	1	2699
1654	1	2701
1655	1	2704
1656	1	2702
1657	1	2667
1658	1	2692
1659	1	2695
1660	1	2695
1661	1	2695
1662	1	2697
1663	1	2694
1664	1	2695
1665	1	2665
1666	1	2695
1667	1	2694
1668	1	2665
1669	1	2692
1670	1	2700
1671	1	2698
1672	1	2700
1673	1	2699
1674	1	2702
1675	1	2699
1676	1	2701
1677	1	2701
1678	1	2695
1679	1	2691
1680	1	2704
1681	1	2702
1683	1	2694
1684	1	2694
1685	1	2665
1686	1	2696
1687	1	2696
1688	1	2698
1689	1	2692
1690	1	2692
1691	1	2692
1692	1	2692
1693	1	2692
1694	1	2694
1695	1	2700
1696	1	2696
1697	1	2697
1698	1	2695
1699	1	2694
1700	1	2694
1701	1	2692
1702	1	2694
1703	1	2694
1704	1	2694
1705	1	2696
1706	1	2694
1707	1	2696
1708	1	2700
1709	1	2694
1710	1	2695
1711	1	2692
1712	1	2704
1713	1	2692
1714	1	2692
1715	1	2692
1718	1	2695
1719	1	2696
1720	1	2704
1721	1	2665
1722	1	2695
1723	1	2695
1724	1	2695
1725	1	2694
1726	1	2703
1727	1	2694
1728	1	2700
1729	1	2695
1730	1	2665
1731	1	2705
1732	1	2705
1733	1	2695
1735	1	2695
1736	1	2696
1737	1	2696
1738	1	2695
1739	1	2695
1740	1	2692
1741	1	2696
1743	1	2695
1744	1	2691
1745	1	2692
1746	1	2694
1747	1	2692
1748	1	2701
1749	1	2706
1750	1	2694
1751	1	2694
1752	1	2694
1753	1	2695
1754	1	2694
1755	1	2694
1756	1	2694
1757	1	2695
1758	1	2692
1759	1	2695
1760	1	2700
1761	1	2697
1762	1	2694
1763	1	2665
1764	1	2665
1765	1	2695
1766	1	2696
1767	1	2696
1768	1	2694
1769	1	2700
1770	1	2691
1771	1	2701
1772	1	2701
1773	1	2697
1774	1	2694
1775	1	2696
1776	1	2696
1777	1	2696
1778	1	2667
1780	1	2697
1781	1	2665
1782	1	2695
1783	1	2694
1784	1	2695
1785	1	2695
1786	1	2705
1787	1	2705
1788	1	2665
1789	1	2705
1790	1	2667
1791	1	2696
1792	1	2704
1793	1	2696
1794	1	2696
1796	1	2692
1797	1	2694
1798	1	2699
1799	1	2697
1800	1	2694
1801	1	2699
1802	1	2665
1803	1	2665
1804	1	2706
1805	1	2667
1806	1	2635
1807	1	2635
1808	1	2635
1809	1	2704
1810	1	2665
1812	1	2635
1813	1	2635
1814	1	2635
1815	1	2635
1816	1	2695
1817	1	2707
1818	1	2707
1819	1	2699
1820	1	2707
1821	1	2707
1822	1	2707
1823	1	2701
1824	1	2700
1825	1	2635
1826	1	2635
1827	1	2667
1828	1	2694
1829	1	2697
1830	1	2635
1831	1	2707
1832	1	2680
1833	1	2699
1834	1	2694
1835	1	2701
1836	1	2677
1837	1	2703
1838	1	2680
1839	1	2680
1840	1	2677
1841	1	2701
1842	1	2694
1843	1	2635
1844	1	2635
1845	1	2694
1846	1	2635
1847	1	2635
1848	1	2694
1849	1	2665
1850	1	2635
1851	1	2696
1852	1	2704
1853	1	2694
1854	1	2695
1855	1	2694
1857	1	2694
1858	1	2692
1859	1	2694
1860	1	2692
1861	1	2694
1862	1	2631
1863	1	2631
1864	1	2703
1865	1	2694
1866	1	2702
1867	1	2693
1868	1	2694
1869	1	2702
1870	1	2699
1871	1	2694
1872	1	2694
1874	1	2635
1875	1	2635
1876	1	2635
1877	1	2635
1878	1	2705
1879	1	2693
1880	1	2694
1881	1	2694
1882	1	2665
1883	1	2698
1884	1	2697
1885	1	2697
1886	1	2697
1887	1	2697
1888	1	2700
1889	1	2680
1890	1	2694
1892	1	2635
1893	1	2635
1894	1	2635
1895	1	2631
1896	1	2705
1897	1	2696
1898	1	2698
1899	1	2701
1900	1	2694
1901	1	2694
1902	1	2700
1903	1	2693
1904	1	2619
1905	1	2694
1906	1	2699
1907	1	2692
1908	1	2695
1909	1	2704
1910	1	2665
1911	1	2695
1912	1	2693
1914	1	2619
1915	1	2697
1916	1	2707
1917	1	2654
1918	1	2697
1919	1	2694
1920	1	2693
1921	1	2695
1922	1	2701
1923	1	2707
1924	1	2638
1925	1	2695
1926	1	2695
1927	1	2696
1928	1	2611
1929	1	2616
1930	1	2611
1931	1	2657
1932	1	2607
1933	1	2657
1934	1	2603
1935	1	2601
1936	1	2601
1937	1	2601
1938	1	2601
1939	1	2601
1940	1	2601
1941	1	2678
1942	1	2601
1943	1	2616
1944	1	2616
1945	1	2606
1946	1	2601
1947	1	2597
1948	1	2598
1949	1	2598
1950	1	2597
1951	1	2616
1952	1	2611
1953	1	2681
1954	1	2602
1955	1	2708
1956	1	2708
1957	1	2708
1958	1	2708
1959	1	2708
1960	1	2708
1961	1	2708
1962	1	2708
1963	1	2708
1964	1	2708
1965	1	2708
1966	1	2708
1967	1	2708
1968	1	2708
1969	1	2708
1970	1	2611
1971	1	2708
1972	1	2708
1973	1	2636
1974	1	2634
1975	1	2636
1976	1	2636
1977	1	2615
1978	1	2615
1979	1	2617
1980	1	2617
1981	1	2611
1982	1	2654
1983	1	2616
1984	1	2616
1985	1	2708
1986	1	2662
1987	1	2708
1988	1	2708
1989	1	2629
1990	1	2629
1991	1	2629
1992	1	2644
1993	1	2602
1994	1	2708
1995	1	2601
1996	1	2618
1997	1	2618
1998	1	2618
1999	1	2602
2000	1	2601
2001	1	2601
2002	1	2601
2003	1	2602
2004	1	2601
2005	1	2601
2006	1	2708
2007	1	2644
2008	1	2610
2009	1	2708
2010	1	2708
2011	1	2637
2012	1	2637
2013	1	2708
2014	1	2601
2015	1	2601
2016	1	2602
2017	1	2657
2018	1	2602
2019	1	2662
2020	1	2610
2021	1	2601
2022	1	2662
2023	1	2602
2024	1	2601
2025	1	2638
2026	1	2597
2027	1	2634
2028	1	2632
2029	1	2635
2030	1	2601
2031	1	2601
2032	1	2678
2033	1	2601
2034	1	2601
2035	1	2601
2036	1	2602
2037	1	2708
2038	1	2657
2039	1	2708
2040	1	2657
2041	1	2657
2042	1	2602
2043	1	2601
2044	1	2708
2045	1	2708
2046	1	2708
2047	1	2678
2048	1	2657
2049	1	2601
2050	1	2601
2051	1	2657
2052	1	2708
2053	1	2618
2054	1	2678
2055	1	2602
2056	1	2708
2057	1	2601
2058	1	2708
2059	1	2662
2060	1	2602
2061	1	2708
2062	1	2662
2063	1	2597
2064	1	2620
2065	1	2618
2066	1	2615
2067	1	2597
2068	1	2616
2069	1	2616
2070	1	2616
2071	1	2616
2072	1	2616
2073	1	2609
2074	1	2620
2075	1	2620
2076	1	2615
2077	1	2615
2078	1	2617
2079	1	2615
2080	1	2615
2081	1	2615
2082	1	2615
2083	1	2617
2084	1	2611
2085	1	2611
2086	1	2615
2087	1	2620
2088	1	2615
2089	1	2616
2090	1	2601
2091	1	2603
2092	1	2597
2093	1	2598
2094	1	2616
2095	1	2611
2096	1	2616
2097	1	2597
2098	1	2597
2099	1	2620
2100	1	2620
2101	1	2620
2102	1	2620
2103	1	2620
2104	1	2635
2105	1	2598
2106	1	2598
2107	1	2597
2108	1	2597
2109	1	2611
2110	1	2598
2111	1	2657
2112	1	2610
2113	1	2608
2114	1	2605
2115	1	2615
2116	1	2615
2117	1	2615
2118	1	2615
2119	1	2617
2120	1	2602
2121	1	2611
2122	1	2709
2123	1	2602
2124	1	2601
2125	1	2600
2126	1	2597
2127	1	2608
2128	1	2608
2129	1	2708
2130	1	2597
2131	1	2638
2132	1	2618
2133	1	2678
2134	1	2616
2135	1	2598
2136	1	2598
2137	1	2611
2138	1	2611
2139	1	2602
2140	1	2602
2141	1	2610
2142	1	2679
2143	1	2679
2144	1	2679
2145	1	2602
2146	1	2602
2147	1	2602
2148	1	2679
2149	1	2710
2150	1	2633
2151	1	2662
2152	1	2612
2153	1	2710
2154	1	2710
2155	1	2610
2156	1	2602
2157	1	2615
2158	1	2657
2159	1	2657
2160	1	2657
2161	1	2657
2162	1	2629
2163	1	2657
2164	1	2657
2165	1	2657
2166	1	2657
2167	1	2647
2168	1	2654
2169	1	2654
2170	1	2647
2171	1	2654
2172	1	2617
2173	1	2611
2174	1	2615
2175	1	2601
2176	1	2656
2177	1	2683
2178	1	2647
2179	1	2654
2180	1	2654
2181	1	2657
2182	1	2657
2183	1	2657
2184	1	2657
2185	1	2683
2186	1	2683
2187	1	2598
2188	1	2645
2189	1	2608
2190	1	2608
2191	1	2608
2192	1	2603
2193	1	2608
2194	1	2608
0	2	2195
1	2	2195
2	2	2195
3	2	2196
4	2	2196
5	2	2197
6	2	2198
7	2	2196
8	2	2196
9	2	2199
10	2	2200
11	2	2201
12	2	2202
13	2	2203
14	2	2204
15	2	2205
16	2	2205
17	2	2200
18	2	2200
19	2	2206
20	2	2206
21	2	2206
22	2	2203
23	2	2207
24	2	2199
25	2	2202
26	2	2202
27	2	2202
29	2	2200
30	2	2208
31	2	2202
32	2	2202
33	2	2206
34	2	2206
35	2	2206
36	2	2201
37	2	2202
38	2	2206
39	2	2206
40	2	2201
41	2	2201
43	2	2206
44	2	2202
45	2	2209
46	2	2200
47	2	2206
48	2	2206
49	2	2210
50	2	2202
51	2	2202
52	2	2208
53	2	2206
54	2	2206
55	2	2202
56	2	2202
57	2	2200
58	2	2200
59	2	2201
60	2	2208
61	2	2205
62	2	2206
63	2	2206
64	2	2201
65	2	2211
66	2	2208
67	2	2205
68	2	2202
69	2	2200
70	2	2200
71	2	2199
72	2	2200
73	2	2196
74	2	2202
75	2	2206
76	2	2212
77	2	2200
78	2	2202
79	2	2202
80	2	2208
81	2	2212
82	2	2206
83	2	2213
84	2	2213
85	2	2200
86	2	2208
87	2	2213
88	2	2200
89	2	2214
90	2	2195
91	2	2195
92	2	2200
93	2	2207
94	2	2215
95	2	2216
96	2	2214
97	2	2213
98	2	2208
99	2	2213
100	2	2213
101	2	2208
102	2	2200
103	2	2200
104	2	2196
105	2	2214
106	2	2214
107	2	2217
108	2	2218
109	2	2219
110	2	2220
111	2	2221
112	2	2222
113	2	2223
114	2	2196
115	2	2196
116	2	2196
117	2	2200
118	2	2214
119	2	2214
120	2	2214
121	2	2213
122	2	2200
123	2	2207
124	2	2196
125	2	2196
126	2	2214
127	2	2224
128	2	2200
129	2	2214
130	2	2213
131	2	2217
132	2	2225
133	2	2226
134	2	2225
135	2	2227
136	2	2228
137	2	2228
138	2	2228
139	2	2229
140	2	2228
141	2	2200
142	2	2200
143	2	2230
144	2	2230
145	2	2230
146	2	2230
147	2	2214
148	2	2214
149	2	2214
150	2	2231
151	2	2197
152	2	2232
153	2	2232
154	2	2233
155	2	2233
156	2	2234
157	2	2235
158	2	2236
159	2	2237
160	2	2200
161	2	2231
162	2	2200
163	2	2238
164	2	2238
165	2	2239
166	2	2240
167	2	2240
168	2	2197
169	2	2241
170	2	2242
171	2	2243
172	2	2244
173	2	2245
174	2	2246
175	2	2247
176	2	2246
177	2	2243
178	2	2240
179	2	2238
180	2	2238
181	2	2232
182	2	2236
183	2	2248
185	2	2249
186	2	2250
187	2	2251
188	2	2196
189	2	2252
190	2	2200
192	2	2253
193	2	2240
194	2	2240
195	2	2240
196	2	2196
197	2	2228
198	2	2254
199	2	2226
200	2	2255
201	2	2252
202	2	2227
203	2	2232
204	2	2200
205	2	2200
206	2	2200
207	2	2200
208	2	2200
209	2	2256
210	2	2257
211	2	2232
212	2	2232
213	2	2232
214	2	2238
215	2	2241
216	2	2231
217	2	2195
218	2	2195
219	2	2258
220	2	2200
221	2	2200
222	2	2202
223	2	2259
224	2	2260
225	2	2260
226	2	2219
227	2	2240
229	2	2238
230	2	2196
231	2	2238
232	2	2250
233	2	2200
234	2	2228
235	2	2234
236	2	2254
237	2	2237
238	2	2253
239	2	2255
240	2	2248
241	2	2240
242	2	2240
243	2	2261
244	2	2229
245	2	2262
246	2	2262
249	2	2240
250	2	2231
251	2	2244
252	2	2244
253	2	2244
254	2	2244
255	2	2263
256	2	2263
257	2	2238
258	2	2244
259	2	2241
260	2	2241
261	2	2264
262	2	2229
263	2	2244
264	2	2238
265	2	2255
267	2	2220
268	2	2238
269	2	2238
270	2	2265
271	2	2240
272	2	2266
273	2	2205
274	2	2205
275	2	2267
276	2	2257
277	2	2200
278	2	2268
279	2	2241
280	2	2231
281	2	2200
282	2	2269
283	2	2201
284	2	2201
285	2	2251
286	2	2203
287	2	2196
288	2	2201
289	2	2270
290	2	2202
291	2	2200
292	2	2202
293	2	2270
294	2	2201
295	2	2249
296	2	2204
297	2	2204
298	2	2200
299	2	2200
300	2	2271
301	2	2272
302	2	2200
303	2	2205
304	2	2273
305	2	2200
306	2	2273
307	2	2203
308	2	2274
309	2	2275
310	2	2196
311	2	2275
312	2	2204
313	2	2276
314	2	2218
315	2	2277
316	2	2198
317	2	2278
318	2	2262
319	2	2252
320	2	2252
321	2	2279
322	2	2276
323	2	2280
325	2	2281
326	2	2200
327	2	2282
328	2	2200
329	2	2283
330	2	2241
331	2	2262
332	2	2268
333	2	2208
334	2	2246
335	2	2238
336	2	2270
338	2	2203
339	2	2208
340	2	2200
341	2	2231
342	2	2270
343	2	2270
344	2	2230
345	2	2233
346	2	2208
347	2	2284
350	2	2285
351	2	2284
352	2	2208
353	2	2270
354	2	2248
355	2	2241
356	2	2208
359	2	2284
360	2	2208
361	2	2286
362	2	2208
363	2	2287
365	2	2208
366	2	2233
367	2	2238
368	2	2238
369	2	2254
370	2	2286
371	2	2220
372	2	2195
373	2	2288
374	2	2238
375	2	2231
376	2	2195
377	2	2270
379	2	2289
380	2	2263
381	2	2208
382	2	2255
383	2	2229
384	2	2238
385	2	2248
386	2	2261
387	2	2266
388	2	2238
389	2	2232
390	2	2262
391	2	2208
392	2	2290
393	2	2255
394	2	2270
395	2	2257
396	2	2257
397	2	2240
399	2	2244
400	2	2196
401	2	2196
402	2	2196
403	2	2230
404	2	2270
405	2	2249
406	2	2200
407	2	2203
408	2	2275
409	2	2291
410	2	2262
411	2	2208
412	2	2229
413	2	2229
414	2	2229
415	2	2229
416	2	2292
417	2	2293
418	2	2294
420	2	2295
421	2	2232
422	2	2229
423	2	2291
424	2	2296
426	2	2266
427	2	2259
428	2	2252
429	2	2240
431	2	2285
432	2	2297
433	2	2262
434	2	2257
435	2	2259
436	2	2270
437	2	2230
438	2	2208
439	2	2296
440	2	2298
441	2	2236
442	2	2262
443	2	2252
444	2	2299
445	2	2285
446	2	2252
447	2	2300
448	2	2301
449	2	2260
451	2	2208
452	2	2208
453	2	2302
454	2	2303
455	2	2252
456	2	2236
457	2	2235
458	2	2236
459	2	2304
460	2	2236
461	2	2270
462	2	2254
463	2	2196
464	2	2305
465	2	2231
466	2	2306
467	2	2306
468	2	2307
469	2	2260
470	2	2262
471	2	2208
472	2	2208
473	2	2196
474	2	2196
475	2	2208
476	2	2295
477	2	2262
478	2	2233
479	2	2308
480	2	2263
481	2	2229
482	2	2244
483	2	2309
484	2	2268
485	2	2272
486	2	2310
487	2	2196
488	2	2196
489	2	2196
490	2	2311
491	2	2268
492	2	2268
493	2	2268
494	2	2277
495	2	2312
496	2	2241
497	2	2208
498	2	2285
499	2	2285
500	2	2257
501	2	2313
502	2	2258
503	2	2298
504	2	2259
505	2	2270
507	2	2281
508	2	2203
509	2	2314
510	2	2315
511	2	2229
512	2	2275
513	2	2196
514	2	2196
516	2	2279
517	2	2279
520	2	2316
521	2	2317
522	2	2318
524	2	2319
525	2	2281
526	2	2208
527	2	2300
528	2	2320
529	2	2252
530	2	2281
531	2	2276
532	2	2321
535	2	2322
537	2	2323
538	2	2321
539	2	2324
540	2	2325
541	2	2326
542	2	2326
543	2	2326
545	2	2323
547	2	2293
548	2	2212
549	2	2200
550	2	2200
551	2	2196
553	2	2200
554	2	2271
555	2	2281
556	2	2302
557	2	2327
558	2	2275
559	2	2198
560	2	2198
561	2	2328
562	2	2328
563	2	2328
564	2	2329
565	2	2310
566	2	2330
567	2	2322
568	2	2293
569	2	2302
570	2	2298
571	2	2262
572	2	2298
573	2	2331
574	2	2302
575	2	2298
576	2	2332
577	2	2298
578	2	2302
579	2	2252
580	2	2298
581	2	2272
582	2	2302
583	2	2303
584	2	2235
585	2	2200
586	2	2298
587	2	2252
588	2	2229
589	2	2303
590	2	2291
591	2	2296
592	2	2252
593	2	2252
594	2	2262
595	2	2262
596	2	2296
597	2	2333
598	2	2334
599	2	2298
600	2	2298
601	2	2298
602	2	2331
603	2	2298
604	2	2332
605	2	2298
606	2	2200
607	2	2335
608	2	2336
609	2	2236
610	2	2336
612	2	2292
613	2	2303
614	2	2337
615	2	2338
616	2	2337
618	2	2277
619	2	2196
620	2	2296
621	2	2296
622	2	2230
623	2	2339
624	2	2254
625	2	2302
626	2	2229
627	2	2262
628	2	2252
629	2	2262
631	2	2340
632	2	2326
633	2	2208
635	2	2341
636	2	2342
637	2	2332
638	2	2343
639	2	2344
640	2	2291
641	2	2337
642	2	2199
643	2	2284
644	2	2333
645	2	2298
646	2	2298
647	2	2326
648	2	2330
649	2	2208
650	2	2322
652	2	2345
653	2	2345
654	2	2346
656	2	2344
657	2	2208
658	2	2347
659	2	2348
660	2	2262
661	2	2312
663	2	2268
664	2	2196
665	2	2298
666	2	2349
667	2	2310
668	2	2208
669	2	2292
670	2	2300
671	2	2345
672	2	2345
674	2	2345
675	2	2350
676	2	2275
677	2	2275
678	2	2351
679	2	2208
680	2	2318
681	2	2213
682	2	2240
683	2	2268
684	2	2332
685	2	2296
686	2	2331
687	2	2213
688	2	2268
689	2	2252
690	2	2352
693	2	2277
695	2	2353
696	2	2354
697	2	2309
698	2	2236
699	2	2310
700	2	2268
701	2	2268
702	2	2309
703	2	2355
704	2	2259
705	2	2259
706	2	2259
707	2	2282
709	2	2208
710	2	2298
711	2	2292
712	2	2268
713	2	2326
714	2	2349
715	2	2331
716	2	2356
717	2	2286
718	2	2357
719	2	2357
720	2	2357
721	2	2358
722	2	2359
723	2	2359
724	2	2309
725	2	2358
726	2	2358
728	2	2360
729	2	2358
730	2	2358
731	2	2221
732	2	2361
733	2	2214
734	2	2359
735	2	2358
736	2	2209
737	2	2362
738	2	2214
739	2	2363
740	2	2364
741	2	2365
742	2	2360
743	2	2366
744	2	2292
745	2	2292
746	2	2203
747	2	2367
748	2	2368
749	2	2369
750	2	2267
751	2	2370
752	2	2371
753	2	2357
754	2	2221
755	2	2221
756	2	2372
757	2	2267
758	2	2373
759	2	2373
760	2	2374
761	2	2375
762	2	2376
763	2	2377
764	2	2378
765	2	2379
766	2	2367
767	2	2357
768	2	2380
769	2	2369
770	2	2212
771	2	2200
772	2	2200
773	2	2372
774	2	2205
775	2	2381
776	2	2382
777	2	2377
778	2	2383
779	2	2357
780	2	2384
781	2	2375
782	2	2211
783	2	2385
784	2	2357
785	2	2357
786	2	2372
787	2	2370
788	2	2357
789	2	2199
790	2	2386
791	2	2384
792	2	2387
793	2	2212
794	2	2377
795	2	2200
796	2	2388
797	2	2389
798	2	2389
799	2	2360
800	2	2360
801	2	2360
802	2	2360
803	2	2388
804	2	2360
805	2	2360
806	2	2221
807	2	2221
808	2	2360
809	2	2390
810	2	2211
811	2	2211
812	2	2200
813	2	2391
814	2	2360
815	2	2221
816	2	2221
817	2	2221
818	2	2220
819	2	2267
820	2	2392
821	2	2393
822	2	2394
823	2	2221
824	2	2359
825	2	2220
826	2	2221
827	2	2360
828	2	2389
829	2	2395
830	2	2373
831	2	2394
832	2	2372
833	2	2396
834	2	2199
835	2	2392
837	2	2200
838	2	2380
839	2	2381
840	2	2288
841	2	2397
842	2	2398
843	2	2288
844	2	2220
845	2	2394
846	2	2394
847	2	2220
848	2	2288
849	2	2399
850	2	2220
851	2	2400
852	2	2220
853	2	2200
854	2	2401
855	2	2360
856	2	2359
857	2	2394
858	2	2360
859	2	2360
860	2	2359
861	2	2359
862	2	2360
863	2	2288
864	2	2402
865	2	2221
866	2	2288
867	2	2403
868	2	2392
869	2	2358
870	2	2404
871	2	2380
872	2	2288
873	2	2398
874	2	2211
875	2	2393
876	2	2199
877	2	2200
878	2	2200
879	2	2200
880	2	2359
881	2	2394
882	2	2405
883	2	2363
884	2	2311
885	2	2360
886	2	2406
887	2	2391
888	2	2393
889	2	2222
890	2	2393
891	2	2288
892	2	2398
893	2	2394
894	2	2407
895	2	2393
896	2	2200
897	2	2389
898	2	2392
899	2	2353
900	2	2311
901	2	2353
902	2	2288
903	2	2360
904	2	2246
905	2	2361
906	2	2360
907	2	2397
908	2	2394
909	2	2394
910	2	2408
911	2	2220
912	2	2221
913	2	2214
914	2	2394
915	2	2221
916	2	2389
917	2	2221
918	2	2409
919	2	2358
920	2	2222
921	2	2410
922	2	2408
923	2	2394
924	2	2221
925	2	2360
926	2	2246
927	2	2359
928	2	2214
929	2	2394
930	2	2371
931	2	2246
932	2	2371
933	2	2371
934	2	2288
935	2	2371
936	2	2394
937	2	2211
938	2	2371
939	2	2394
940	2	2394
941	2	2371
942	2	2371
943	2	2410
944	2	2410
945	2	2339
946	2	2394
947	2	2353
948	2	2365
949	2	2211
950	2	2410
951	2	2214
952	2	2411
953	2	2211
954	2	2309
955	2	2309
956	2	2411
957	2	2309
958	2	2309
959	2	2213
960	2	2371
961	2	2211
962	2	2223
963	2	2211
964	2	2258
965	2	2309
966	2	2211
967	2	2309
968	2	2258
969	2	2360
970	2	2394
971	2	2211
972	2	2262
973	2	2412
974	2	2344
975	2	2344
976	2	2240
977	2	2325
978	2	2322
979	2	2208
980	2	2328
981	2	2211
982	2	2252
983	2	2240
984	2	2328
986	2	2322
987	2	2322
988	2	2322
990	2	2392
991	2	2328
992	2	2413
993	2	2200
994	2	2200
995	2	2200
996	2	2200
997	2	2328
998	2	2414
999	2	2203
1000	2	2415
1001	2	2270
1002	2	2406
1003	2	2265
1004	2	2265
1005	2	2285
1006	2	2416
1007	2	2208
1008	2	2236
1009	2	2298
1010	2	2298
1011	2	2334
1012	2	2415
1013	2	2208
1014	2	2223
1015	2	2417
1016	2	2418
1017	2	2419
1018	2	2418
1019	2	2420
1020	2	2421
1021	2	2422
1022	2	2418
1023	2	2305
1024	2	2268
1026	2	2423
1027	2	2417
1028	2	2424
1029	2	2417
1030	2	2418
1031	2	2422
1032	2	2421
1033	2	2418
1034	2	2423
1035	2	2418
1036	2	2418
1037	2	2317
1038	2	2388
1039	2	2415
1040	2	2280
1041	2	2359
1042	2	2220
1044	2	2349
1045	2	2425
1046	2	2202
1047	2	2328
1048	2	2426
1049	2	2244
1050	2	2286
1051	2	2427
1052	2	2384
1053	2	2293
1055	2	2232
1056	2	2270
1057	2	2427
1058	2	2250
1059	2	2428
1060	2	2429
1061	2	2327
1062	2	2200
1064	2	2263
1065	2	2286
1066	2	2286
1067	2	2286
1069	2	2422
1070	2	2430
1071	2	2208
1072	2	2208
1073	2	2208
1074	2	2326
1075	2	2302
1076	2	2298
1077	2	2298
1078	2	2229
1079	2	2431
1080	2	2275
1081	2	2268
1083	2	2262
1084	2	2393
1085	2	2394
1086	2	2394
1087	2	2394
1088	2	2432
1089	2	2376
1090	2	2200
1091	2	2199
1092	2	2381
1093	2	2213
1094	2	2213
1095	2	2202
1096	2	2296
1097	2	2203
1098	2	2433
1099	2	2199
1100	2	2244
1101	2	2270
1102	2	2270
1103	2	2208
1104	2	2232
1105	2	2335
1106	2	2318
1107	2	2233
1108	2	2236
1109	2	2270
1110	2	2232
1111	2	2248
1112	2	2308
1113	2	2238
1114	2	2238
1115	2	2227
1116	2	2225
1117	2	2263
1118	2	2265
1119	2	2240
1120	2	2292
1121	2	2208
1122	2	2256
1123	2	2293
1124	2	2217
1125	2	2355
1126	2	2302
1127	2	2317
1128	2	2262
1129	2	2262
1130	2	2296
1131	2	2298
1132	2	2229
1133	2	2343
1134	2	2298
1135	2	2434
1136	2	2327
1137	2	2334
1138	2	2298
1139	2	2298
1140	2	2434
1141	2	2300
1142	2	2252
1143	2	2313
1144	2	2303
1145	2	2236
1146	2	2298
1147	2	2298
1148	2	2298
1149	2	2252
1150	2	2298
1151	2	2314
1152	2	2262
1153	2	2208
1154	2	2262
1155	2	2291
1156	2	2200
1157	2	2238
1158	2	2298
1159	2	2435
1161	2	2208
1162	2	2268
1163	2	2252
1164	2	2291
1165	2	2298
1166	2	2268
1167	2	2303
1168	2	2298
1169	2	2298
1170	2	2414
1171	2	2302
1172	2	2381
1173	2	2436
1174	2	2436
1175	2	2199
1176	2	2200
1177	2	2388
1178	2	2221
1179	2	2394
1180	2	2407
1181	2	2398
1182	2	2407
1183	2	2200
1184	2	2393
1185	2	2393
1186	2	2267
1187	2	2392
1188	2	2391
1189	2	2397
1190	2	2406
1191	2	2406
1192	2	2372
1193	2	2437
1194	2	2438
1195	2	2200
1196	2	2213
1197	2	2211
1198	2	2371
1199	2	2288
1200	2	2371
1201	2	2232
1202	2	2240
1203	2	2226
1204	2	2232
1205	2	2232
1206	2	2418
1207	2	2208
1208	2	2236
1209	2	2418
1210	2	2237
1211	2	2236
1212	2	2268
1213	2	2202
1214	2	2295
1215	2	2229
1216	2	2424
1217	2	2236
1218	2	2236
1219	2	2236
1220	2	2232
1221	2	2208
1222	2	2232
1223	2	2295
1224	2	2265
1225	2	2208
1226	2	2418
1228	2	2295
1229	2	2241
1230	2	2245
1231	2	2279
1232	2	2439
1233	2	2418
1234	2	2298
1235	2	2440
1236	2	2302
1237	2	2229
1238	2	2418
1239	2	2441
1240	2	2298
1241	2	2421
1242	2	2270
1243	2	2232
1245	2	2324
1246	2	2418
1248	2	2442
1250	2	2443
1252	2	2444
1253	2	2445
1254	2	2446
1256	2	2447
1257	2	2447
1258	2	2390
1259	2	2389
1260	2	2221
1261	2	2448
1262	2	2449
1263	2	2446
1265	2	2429
1267	2	2450
1268	2	2450
1270	2	2328
1271	2	2328
1273	2	2379
1274	2	2450
1275	2	2200
1276	2	2403
1277	2	2451
1280	2	2447
1281	2	2406
1282	2	2408
1283	2	2220
1284	2	2447
1285	2	2221
1286	2	2200
1287	2	2452
1288	2	2353
1290	2	2453
1291	2	2454
1292	2	2214
1293	2	2378
1294	2	2408
1295	2	2214
1296	2	2353
1297	2	2211
1298	2	2214
1299	2	2394
1300	2	2410
1301	2	2363
1302	2	2446
1303	2	2455
1304	2	2436
1305	2	2202
1306	2	2456
1307	2	2212
1308	2	2449
1309	2	2353
1310	2	2246
1311	2	2335
1312	2	2363
1313	2	2457
1314	2	2383
1315	2	2458
1316	2	2459
1317	2	2460
1318	2	2267
1319	2	2461
1320	2	2458
1322	2	2462
1323	2	2463
1324	2	2464
1325	2	2465
1326	2	2385
1327	2	2466
1328	2	2467
1329	2	2465
1330	2	2368
1331	2	2267
1332	2	2459
1333	2	2368
1334	2	2368
1335	2	2463
1336	2	2383
1337	2	2385
1338	2	2267
1339	2	2267
1340	2	2267
1341	2	2372
1342	2	2380
1343	2	2368
1344	2	2368
1345	2	2206
1346	2	2468
1347	2	2468
1348	2	2469
1349	2	2469
1352	2	2470
1353	2	2377
1354	2	2267
1355	2	2471
1356	2	2392
1357	2	2206
1358	2	2472
1359	2	2385
1360	2	2206
1361	2	2203
1362	2	2392
1363	2	2206
1364	2	2473
1365	2	2474
1366	2	2396
1367	2	2396
1368	2	2470
1369	2	2368
1370	2	2459
1371	2	2402
1372	2	2220
1373	2	2407
1374	2	2475
1375	2	2381
1376	2	2407
1377	2	2475
1378	2	2475
1379	2	2406
1380	2	2406
1381	2	2406
1382	2	2407
1383	2	2407
1384	2	2407
1385	2	2407
1386	2	2381
1387	2	2381
1388	2	2293
1389	2	2389
1390	2	2406
1391	2	2368
1392	2	2476
1393	2	2381
1394	2	2399
1395	2	2400
1396	2	2400
1397	2	2449
1398	2	2397
1399	2	2405
1400	2	2353
1401	2	2477
1402	2	2246
1403	2	2394
1404	2	2361
1405	2	2363
1406	2	2405
1407	2	2394
1408	2	2353
1409	2	2478
1410	2	2479
1411	2	2207
1412	2	2213
1413	2	2480
1414	2	2213
1415	2	2400
1416	2	2353
1417	2	2207
1418	2	2213
1419	2	2213
1421	2	2335
1422	2	2222
1423	2	2246
1424	2	2481
1425	2	2309
1426	2	2213
1427	2	2258
1428	2	2405
1429	2	2398
1430	2	2363
1431	2	2213
1432	2	2407
1433	2	2482
1434	2	2482
1435	2	2371
1436	2	2483
1437	2	2484
1439	2	2413
1440	2	2392
1441	2	2372
1442	2	2407
1443	2	2213
1444	2	2482
1445	2	2485
1446	2	2482
1447	2	2485
1448	2	2482
1449	2	2485
1450	2	2347
1451	2	2482
1452	2	2394
1453	2	2381
1454	2	2327
1455	2	2327
1456	2	2396
1457	2	2396
1458	2	2357
1459	2	2410
1460	2	2213
1461	2	2309
1462	2	2211
1463	2	2439
1465	2	2486
1466	2	2487
1469	2	2488
1470	2	2489
1471	2	2362
1474	2	2490
1475	2	2491
1476	2	2369
1478	2	2450
1479	2	2443
1480	2	2492
1481	2	2493
1482	2	2443
1483	2	2492
1484	2	2493
1485	2	2328
1486	2	2494
1489	2	2495
1490	2	2496
1491	2	2497
1495	2	2259
1496	2	2498
1497	2	2453
1498	2	2384
1499	2	2499
1500	2	2500
1501	2	2501
1503	2	2396
1504	2	2407
1505	2	2502
1506	2	2443
1507	2	2500
1508	2	2406
1509	2	2475
1510	2	2438
1511	2	2394
1512	2	2360
1513	2	2503
1515	2	2405
1516	2	2221
1517	2	2213
1518	2	2246
1519	2	2504
1520	2	2505
1521	2	2453
1522	2	2223
1523	2	2223
1524	2	2506
1525	2	2507
1526	2	2445
1527	2	2508
1528	2	2507
1529	2	2508
1531	2	2509
1532	2	2509
1533	2	2507
1534	2	2507
1536	2	2268
1537	2	2202
1538	2	2480
1539	2	2335
1540	2	2510
1541	2	2309
1542	2	2201
1543	2	2201
1544	2	2388
1545	2	2478
1546	2	2199
1547	2	2394
1548	2	2220
1549	2	2264
1550	2	2232
1551	2	2231
1552	2	2262
1553	2	2295
1554	2	2303
1555	2	2252
1556	2	2236
1557	2	2238
1558	2	2256
1559	2	2298
1560	2	2298
1561	2	2236
1562	2	2242
1563	2	2240
1564	2	2511
1565	2	2511
1566	2	2512
1567	2	2513
1568	2	2295
1569	2	2514
1570	2	2515
1571	2	2260
1572	2	2516
1573	2	2456
1574	2	2456
1575	2	2456
1576	2	2517
1577	2	2456
1578	2	2456
1579	2	2517
1580	2	2517
1581	2	2517
1584	2	2517
1587	2	2336
1589	2	2336
1590	2	2518
1592	2	2213
1593	2	2213
1600	2	2519
1622	2	2520
1627	2	2521
1661	2	2522
1665	2	2523
1670	2	2524
1685	2	2525
1710	2	2526
1718	2	2527
1721	2	2528
1730	2	2529
1731	2	2530
1732	2	2530
1735	2	2531
1738	2	2532
1753	2	2533
1763	2	2534
1778	2	2430
1786	2	2535
1787	2	2536
1788	2	2537
1789	2	2530
1790	2	2538
1802	2	2539
1803	2	2540
1806	2	2541
1807	2	2541
1808	2	2541
1812	2	2541
1813	2	2541
1814	2	2541
1815	2	2541
1817	2	2542
1818	2	2543
1820	2	2542
1821	2	2542
1822	2	2543
1825	2	2541
1826	2	2541
1827	2	2430
1830	2	2541
1831	2	2544
1832	2	2545
1836	2	2546
1838	2	2547
1839	2	2545
1840	2	2546
1843	2	2541
1844	2	2541
1846	2	2541
1847	2	2541
1850	2	2541
1862	2	2548
1874	2	2541
1875	2	2541
1876	2	2541
1877	2	2541
1878	2	2536
1889	2	2549
1892	2	2541
1893	2	2541
1894	2	2541
1895	2	2425
1896	2	2550
1905	2	2551
1914	2	2552
1916	2	2543
1917	2	2362
1923	2	2543
1924	2	2447
1928	2	2309
1929	2	2223
1930	2	2553
1931	2	2465
1932	2	2367
1933	2	2554
1934	2	2481
1935	2	2206
1936	2	2206
1937	2	2555
1938	2	2555
1939	2	2206
1940	2	2206
1941	2	2459
1942	2	2206
1943	2	2556
1944	2	2557
1945	2	2374
1946	2	2206
1947	2	2406
1948	2	2213
1949	2	2339
1950	2	2406
1951	2	2258
1952	2	2411
1953	2	2558
1954	2	2559
1955	2	2560
1956	2	2560
1957	2	2560
1958	2	2560
1959	2	2560
1960	2	2560
1961	2	2561
1962	2	2560
1963	2	2560
1964	2	2560
1965	2	2560
1966	2	2560
1967	2	2560
1968	2	2561
1969	2	2560
1970	2	2309
1971	2	2560
1972	2	2560
1973	2	2562
1974	2	2276
1975	2	2562
1976	2	2464
1977	2	2405
1978	2	2363
1979	2	2335
1980	2	2449
1981	2	2309
1982	2	2498
1983	2	2258
1984	2	2258
1985	2	2560
1986	2	2563
1987	2	2560
1988	2	2560
1989	2	2267
1990	2	2267
1991	2	2267
1992	2	2385
1993	2	2559
1994	2	2560
1995	2	2206
1996	2	2368
1997	2	2368
1998	2	2368
1999	2	2564
2000	2	2206
2001	2	2469
2002	2	2206
2003	2	2559
2004	2	2565
2005	2	2565
2006	2	2560
2007	2	2385
2008	2	2566
2009	2	2560
2010	2	2560
2011	2	2567
2012	2	2471
2013	2	2560
2014	2	2206
2015	2	2206
2016	2	2568
2017	2	2465
2018	2	2569
2019	2	2387
2020	2	2570
2021	2	2206
2022	2	2563
2023	2	2569
2024	2	2206
2025	2	2413
2026	2	2205
2027	2	2276
2028	2	2571
2030	2	2206
2031	2	2206
2032	2	2459
2033	2	2555
2034	2	2468
2035	2	2206
2036	2	2564
2037	2	2560
2038	2	2372
2039	2	2560
2040	2	2465
2041	2	2372
2042	2	2569
2043	2	2206
2044	2	2560
2045	2	2560
2046	2	2560
2047	2	2459
2048	2	2372
2049	2	2565
2050	2	2565
2051	2	2392
2052	2	2560
2053	2	2572
2054	2	2459
2055	2	2564
2056	2	2560
2057	2	2555
2058	2	2560
2059	2	2563
2060	2	2568
2061	2	2560
2062	2	2563
2063	2	2475
2064	2	2573
2065	2	2368
2066	2	2366
2067	2	2205
2068	2	2258
2069	2	2258
2070	2	2258
2071	2	2258
2072	2	2223
2073	2	2371
2074	2	2246
2075	2	2246
2076	2	2574
2077	2	2366
2078	2	2353
2079	2	2405
2080	2	2364
2081	2	2398
2082	2	2405
2083	2	2365
2084	2	2553
2085	2	2309
2086	2	2400
2087	2	2288
2088	2	2389
2089	2	2258
2090	2	2565
2091	2	2207
2092	2	2380
2093	2	2479
2094	2	2223
2095	2	2575
2096	2	2258
2097	2	2205
2098	2	2205
2099	2	2573
2100	2	2573
2101	2	2573
2102	2	2573
2103	2	2573
2105	2	2214
2106	2	2213
2107	2	2406
2108	2	2406
2109	2	2553
2110	2	2213
2111	2	2372
2112	2	2432
2113	2	2224
2114	2	2208
2115	2	2405
2116	2	2363
2117	2	2405
2118	2	2398
2119	2	2353
2120	2	2559
2121	2	2217
2122	2	2576
2123	2	2569
2124	2	2204
2125	2	2198
2126	2	2195
2127	2	2215
2128	2	2224
2129	2	2577
2130	2	2205
2131	2	2578
2132	2	2368
2133	2	2579
2134	2	2258
2135	2	2214
2136	2	2213
2137	2	2553
2138	2	2553
2139	2	2559
2140	2	2559
2141	2	2580
2142	2	2581
2143	2	2581
2144	2	2581
2145	2	2569
2146	2	2569
2147	2	2569
2151	2	2563
2152	2	2488
2153	2	2582
2155	2	2583
2156	2	2559
2157	2	2389
2158	2	2584
2159	2	2585
2160	2	2586
2161	2	2586
2162	2	2267
2163	2	2587
2164	2	2585
2165	2	2585
2166	2	2588
2167	2	2589
2168	2	2362
2169	2	2362
2170	2	2487
2171	2	2498
2172	2	2449
2173	2	2590
2174	2	2405
2175	2	2247
2176	2	2433
2177	2	2591
2178	2	2487
2179	2	2454
2180	2	2498
2181	2	2592
2182	2	2592
2183	2	2592
2184	2	2592
2185	2	2593
2186	2	2486
2187	2	2214
2188	2	2594
2189	2	2224
2190	2	2595
2191	2	2216
2192	2	2207
2193	2	2215
2194	2	2596
2195	3	2711
2196	3	2711
2197	3	2712
2198	3	2712
2199	3	2711
2200	3	2711
2201	3	2713
2202	3	2713
2203	3	2713
2204	3	2713
2205	3	2711
2206	3	2713
2207	3	2713
2208	3	2712
2209	3	2714
2210	3	2716
2211	3	2711
2212	3	2712
2213	3	2711
2214	3	2711
2215	3	2716
2216	3	2716
2217	3	2711
2218	3	2713
2219	3	2713
2220	3	2713
2221	3	2711
2222	3	2711
2223	3	2711
2224	3	2716
2225	3	2711
2226	3	2711
2227	3	2711
2228	3	2711
2229	3	2711
2230	3	2711
2231	3	2711
2232	3	2711
2233	3	2711
2234	3	2711
2235	3	2711
2236	3	2711
2237	3	2711
2238	3	2711
2239	3	2713
2240	3	2711
2241	3	2711
2243	3	2711
2244	3	2711
2245	3	2711
2246	3	2711
2247	3	2713
2248	3	2711
2249	3	2713
2250	3	2711
2251	3	2713
2252	3	2711
2253	3	2718
2254	3	2711
2255	3	2711
2256	3	2711
2257	3	2719
2258	3	2711
2259	3	2712
2260	3	2717
2261	3	2718
2262	3	2711
2263	3	2711
2264	3	2711
2265	3	2711
2266	3	2711
2267	3	2713
2268	3	2722
2269	3	2723
2271	3	2713
2272	3	2724
2273	3	2713
2274	3	2725
2275	3	2711
2276	3	2715
2277	3	2724
2278	3	2713
2279	3	2715
2280	3	2715
2281	3	2712
2282	3	2726
2283	3	2713
2284	3	2719
2285	3	2719
2286	3	2711
2287	3	2719
2288	3	2711
2289	3	2724
2290	3	2711
2291	3	2711
2292	3	2711
2293	3	2713
2294	3	2720
2296	3	2711
2297	3	2711
2298	3	2711
2299	3	2724
2300	3	2711
2301	3	2719
2302	3	2711
2303	3	2711
2304	3	2711
2305	3	2719
2306	3	2713
2307	3	2713
2308	3	2711
2309	3	2711
2310	3	2711
2311	3	2711
2312	3	2711
2313	3	2726
2314	3	2715
2315	3	2715
2316	3	2712
2317	3	2719
2318	3	2719
2319	3	2719
2320	3	2712
2321	3	2719
2322	3	2719
2323	3	2719
2324	3	2719
2325	3	2719
2326	3	2719
2327	3	2712
2328	3	2726
2329	3	2726
2330	3	2719
2331	3	2711
2332	3	2711
2333	3	2711
2334	3	2711
2335	3	2711
2336	3	2717
2337	3	2711
2338	3	2711
2339	3	2711
2340	3	2718
2341	3	2719
2342	3	2719
2343	3	2711
2344	3	2720
2345	3	2720
2346	3	2720
2347	3	2712
2348	3	2726
2349	3	2713
2350	3	2726
2351	3	2719
2352	3	2720
2353	3	2711
2354	3	2711
2355	3	2724
2356	3	2711
2357	3	2711
2358	3	2711
2359	3	2711
2360	3	2711
2361	3	2711
2362	3	2726
2363	3	2711
2364	3	2711
2365	3	2711
2366	3	2711
2367	3	2714
2368	3	2713
2369	3	2712
2370	3	2714
2371	3	2711
2372	3	2714
2373	3	2713
2374	3	2715
2375	3	2713
2376	3	2712
2377	3	2712
2378	3	2725
2379	3	2715
2380	3	2711
2381	3	2713
2382	3	2714
2383	3	2712
2384	3	2712
2385	3	2713
2386	3	2714
2387	3	2713
2388	3	2711
2389	3	2711
2390	3	2726
2391	3	2711
2392	3	2714
2393	3	2713
2394	3	2711
2395	3	2711
2396	3	2714
2397	3	2711
2398	3	2711
2399	3	2711
2400	3	2711
2401	3	2714
2402	3	2711
2403	3	2711
2404	3	2712
2405	3	2711
2406	3	2711
2407	3	2713
2408	3	2711
2409	3	2714
2410	3	2711
2411	3	2711
2412	3	2720
2413	3	2726
2414	3	2726
2415	3	2718
2416	3	2727
2417	3	2727
2418	3	2727
2419	3	2727
2420	3	2727
2421	3	2727
2422	3	2727
2423	3	2727
2424	3	2727
2425	3	2723
2426	3	2723
2427	3	2719
2428	3	2711
2429	3	2717
2431	3	2713
2432	3	2712
2433	3	2714
2434	3	2711
2435	3	2711
2436	3	2715
2437	3	2728
2438	3	2726
2439	3	2724
2440	3	2711
2441	3	2711
2442	3	2725
2443	3	2717
2444	3	2724
2445	3	2717
2446	3	2719
2447	3	2726
2448	3	2726
2449	3	2711
2450	3	2717
2451	3	2717
2452	3	2726
2453	3	2726
2454	3	2726
2455	3	2723
2456	3	2717
2457	3	2713
2458	3	2712
2459	3	2713
2460	3	2712
2461	3	2713
2462	3	2715
2463	3	2715
2464	3	2715
2465	3	2714
2466	3	2715
2467	3	2714
2468	3	2713
2469	3	2713
2470	3	2724
2471	3	2715
2472	3	2715
2473	3	2714
2474	3	2725
2475	3	2711
2476	3	2711
2477	3	2711
2478	3	2711
2479	3	2711
2480	3	2711
2481	3	2713
2483	3	2713
2484	3	2712
2486	3	2726
2487	3	2726
2488	3	2713
2489	3	2712
2490	3	2728
2491	3	2728
2492	3	2717
2493	3	2717
2494	3	2727
2495	3	2726
2496	3	2714
2497	3	2717
2498	3	2726
2499	3	2719
2500	3	2713
2501	3	2726
2502	3	2713
2503	3	2726
2504	3	2712
2505	3	2714
2506	3	2717
2507	3	2717
2508	3	2717
2509	3	2724
2510	3	2711
2511	3	2724
2512	3	2714
2513	3	2711
2514	3	2711
2515	3	2712
2516	3	2717
2517	3	2725
2518	3	2712
2519	3	2727
2520	3	2727
2521	3	2727
2522	3	2727
2523	3	2727
2524	3	2727
2525	3	2727
2526	3	2727
2527	3	2727
2528	3	2727
2529	3	2727
2530	3	2727
2531	3	2727
2532	3	2727
2533	3	2727
2534	3	2727
2535	3	2727
2536	3	2727
2537	3	2727
2539	3	2727
2540	3	2727
2541	3	2724
2542	3	2725
2543	3	2725
2544	3	2725
2545	3	2724
2546	3	2726
2547	3	2724
2548	3	2723
2549	3	2724
2550	3	2727
2551	3	2727
2553	3	2711
2554	3	2714
2555	3	2713
2556	3	2711
2557	3	2711
2558	3	2714
2559	3	2713
2560	3	2713
2561	3	2713
2562	3	2715
2563	3	2713
2564	3	2713
2565	3	2713
2566	3	2712
2567	3	2715
2568	3	2713
2569	3	2713
2570	3	2712
2571	3	2724
2572	3	2713
2573	3	2711
2574	3	2711
2575	3	2711
2576	3	2713
2577	3	2713
2578	3	2726
2579	3	2713
2580	3	2712
2581	3	2712
2582	3	2714
2583	3	2712
2584	3	2714
2585	3	2714
2586	3	2714
2587	3	2714
2588	3	2714
2589	3	2726
2590	3	2711
2591	3	2726
2592	3	2714
2593	3	2726
2594	3	2712
2595	3	2716
2596	3	2716
2195	4	2597
2196	4	2598
2197	4	2599
2198	4	2600
2199	4	2597
2200	4	2597
2201	4	2601
2202	4	2601
2203	4	2602
2204	4	2601
2205	4	2597
2206	4	2601
2207	4	2603
2208	4	2605
2209	4	2607
2210	4	2608
2211	4	2609
2212	4	2610
2213	4	2598
2214	4	2598
2215	4	2608
2216	4	2608
2217	4	2611
2219	4	2612
2220	4	2613
2221	4	2614
2222	4	2615
2223	4	2616
2224	4	2608
2225	4	2617
2226	4	2617
2227	4	2617
2228	4	2617
2229	4	2617
2230	4	2611
2231	4	2616
2232	4	2617
2233	4	2617
2234	4	2617
2235	4	2617
2236	4	2617
2237	4	2617
2238	4	2617
2239	4	2618
2240	4	2611
2241	4	2616
2242	4	2619
2243	4	2620
2244	4	2597
2245	4	2620
2246	4	2620
2247	4	2601
2248	4	2617
2249	4	2602
2250	4	2617
2251	4	2612
2252	4	2617
2253	4	2623
2254	4	2617
2255	4	2617
2256	4	2620
2257	4	2624
2258	4	2616
2259	4	2600
2260	4	2625
2261	4	2627
2262	4	2617
2263	4	2617
2264	4	2617
2265	4	2617
2266	4	2617
2267	4	2629
2268	4	2630
2269	4	2631
2270	4	2619
2272	4	2632
2273	4	2601
2274	4	2633
2275	4	2609
2276	4	2634
2277	4	2635
2278	4	2602
2279	4	2636
2280	4	2637
2281	4	2610
2282	4	2638
2283	4	2602
2284	4	2624
2285	4	2639
2286	4	2597
2287	4	2640
2288	4	2620
2289	4	2632
2290	4	2617
2291	4	2617
2292	4	2617
2293	4	2641
2294	4	2626
2295	4	2619
2296	4	2617
2297	4	2597
2298	4	2617
2299	4	2642
2300	4	2617
2301	4	2643
2302	4	2617
2303	4	2617
2304	4	2617
2305	4	2624
2306	4	2644
2307	4	2629
2308	4	2617
2309	4	2611
2310	4	2611
2311	4	2620
2312	4	2609
2313	4	2638
2314	4	2636
2315	4	2636
2316	4	2600
2317	4	2640
2318	4	2640
2319	4	2624
2320	4	2646
2321	4	2624
2322	4	2640
2323	4	2624
2324	4	2624
2325	4	2640
2326	4	2624
2327	4	2600
2328	4	2638
2329	4	2647
2330	4	2639
2331	4	2617
2332	4	2617
2333	4	2617
2334	4	2617
2335	4	2617
2336	4	2648
2337	4	2617
2338	4	2617
2339	4	2598
2340	4	2650
2341	4	2639
2342	4	2643
2343	4	2617
2344	4	2626
2345	4	2626
2346	4	2626
2347	4	2652
2348	4	2638
2349	4	2603
2350	4	2638
2351	4	2653
2352	4	2626
2353	4	2617
2354	4	2617
2355	4	2642
2356	4	2617
2357	4	2614
2358	4	2614
2359	4	2614
2360	4	2614
2361	4	2617
2362	4	2654
2363	4	2615
2364	4	2615
2365	4	2617
2366	4	2615
2367	4	2607
2368	4	2618
2369	4	2655
2370	4	2656
2371	4	2609
2372	4	2657
2373	4	2658
2374	4	2606
2375	4	2629
2376	4	2610
2377	4	2646
2378	4	2659
2379	4	2660
2380	4	2597
2381	4	2661
2382	4	2607
2383	4	2610
2384	4	2645
2385	4	2644
2387	4	2662
2388	4	2615
2389	4	2615
2390	4	2654
2391	4	2615
2392	4	2657
2393	4	2663
2394	4	2617
2395	4	2620
2396	4	2656
2397	4	2615
2398	4	2615
2399	4	2615
2400	4	2615
2401	4	2656
2402	4	2615
2403	4	2615
2404	4	2646
2405	4	2615
2406	4	2597
2407	4	2664
2408	4	2615
2409	4	2657
2410	4	2597
2411	4	2611
2412	4	2626
2413	4	2638
2414	4	2638
2415	4	2650
2416	4	2665
2417	4	2666
2418	4	2666
2419	4	2666
2420	4	2666
2421	4	2666
2422	4	2666
2423	4	2666
2424	4	2666
2425	4	2631
2426	4	2631
2427	4	2639
2428	4	2597
2429	4	2622
2430	4	2667
2431	4	2612
2432	4	2610
2433	4	2656
2434	4	2617
2435	4	2617
2436	4	2636
2437	4	2668
2438	4	2654
2439	4	2669
2440	4	2617
2441	4	2617
2442	4	2671
2443	4	2672
2444	4	2673
2445	4	2674
2446	4	2643
2447	4	2638
2448	4	2647
2449	4	2617
2450	4	2622
2451	4	2622
2452	4	2676
2453	4	2677
2454	4	2654
2455	4	2631
2456	4	2625
2457	4	2618
2458	4	2610
2459	4	2678
2460	4	2610
2461	4	2613
2462	4	2636
2463	4	2636
2464	4	2636
2465	4	2657
2466	4	2606
2467	4	2607
2468	4	2601
2469	4	2601
2470	4	2680
2471	4	2637
2472	4	2606
2473	4	2681
2474	4	2633
2475	4	2597
2476	4	2617
2477	4	2620
2478	4	2615
2479	4	2598
2480	4	2617
2481	4	2603
2482	4	2619
2483	4	2629
2484	4	2600
2485	4	2619
2486	4	2683
2487	4	2647
2488	4	2612
2489	4	2645
2490	4	2685
2491	4	2685
2492	4	2684
2493	4	2672
2494	4	2666
2495	4	2654
2496	4	2657
2497	4	2672
2498	4	2654
2499	4	2624
2500	4	2601
2501	4	2654
2502	4	2662
2503	4	2677
2504	4	2605
2505	4	2688
2506	4	2674
2507	4	2674
2508	4	2674
2509	4	2689
2510	4	2617
2511	4	2635
2512	4	2657
2513	4	2617
2514	4	2617
2515	4	2652
2516	4	2625
2517	4	2659
2518	4	2599
2519	4	2695
2520	4	2665
2521	4	2698
2522	4	2695
2523	4	2665
2524	4	2700
2525	4	2665
2526	4	2695
2527	4	2695
2528	4	2665
2529	4	2665
2530	4	2705
2531	4	2695
2532	4	2695
2533	4	2695
2534	4	2665
2535	4	2705
2536	4	2705
2537	4	2665
2538	4	2667
2539	4	2665
2540	4	2665
2541	4	2635
2542	4	2707
2543	4	2707
2544	4	2707
2545	4	2680
2546	4	2677
2547	4	2680
2548	4	2631
2549	4	2680
2550	4	2705
2551	4	2694
2552	4	2619
2553	4	2611
2554	4	2657
2555	4	2601
2556	4	2616
2557	4	2616
2558	4	2681
2559	4	2602
2560	4	2708
2561	4	2708
2562	4	2636
2563	4	2662
2564	4	2602
2565	4	2601
2566	4	2610
2567	4	2637
2568	4	2602
2569	4	2602
2570	4	2610
2571	4	2632
2572	4	2618
2573	4	2620
2574	4	2615
2575	4	2611
2576	4	2709
2577	4	2708
2578	4	2638
2579	4	2678
2580	4	2610
2581	4	2679
2582	4	2710
2583	4	2610
2584	4	2657
2585	4	2657
2586	4	2657
2587	4	2657
2588	4	2657
2589	4	2647
2590	4	2611
2591	4	2683
2592	4	2657
2593	4	2683
2594	4	2645
2595	4	2608
2596	4	2608
2597	5	2711
2598	5	2711
2599	5	2712
2600	5	2712
2601	5	2713
2602	5	2713
2603	5	2713
2604	5	2714
2605	5	2712
2606	5	2715
2607	5	2714
2608	5	2716
2609	5	2711
2610	5	2712
2611	5	2711
2612	5	2713
2613	5	2713
2614	5	2711
2615	5	2711
2616	5	2711
2617	5	2711
2618	5	2713
2620	5	2711
2621	5	2711
2622	5	2717
2623	5	2718
2624	5	2719
2625	5	2717
2626	5	2720
2627	5	2718
2628	5	2721
2629	5	2713
2630	5	2722
2631	5	2723
2632	5	2724
2633	5	2725
2634	5	2715
2635	5	2724
2636	5	2715
2637	5	2715
2638	5	2726
2639	5	2719
2640	5	2719
2641	5	2713
2642	5	2724
2643	5	2719
2644	5	2713
2645	5	2712
2646	5	2712
2647	5	2726
2648	5	2717
2649	5	2725
2650	5	2718
2651	5	2719
2652	5	2712
2653	5	2719
2654	5	2726
2655	5	2712
2656	5	2714
2657	5	2714
2658	5	2713
2659	5	2725
2660	5	2715
2661	5	2713
2662	5	2713
2663	5	2713
2664	5	2713
2665	5	2727
2666	5	2727
2668	5	2728
2669	5	2724
2670	5	2717
2671	5	2725
2672	5	2717
2673	5	2724
2674	5	2717
2675	5	2717
2676	5	2726
2677	5	2726
2678	5	2713
2679	5	2712
2680	5	2724
2681	5	2714
2682	5	2725
2683	5	2726
2684	5	2717
2685	5	2728
2686	5	2717
2687	5	2717
2688	5	2714
2689	5	2724
2690	5	2717
2691	5	2727
2692	5	2727
2693	5	2727
2694	5	2727
2695	5	2727
2696	5	2727
2697	5	2727
2698	5	2727
2699	5	2727
2700	5	2727
2701	5	2727
2702	5	2727
2703	5	2727
2704	5	2727
2705	5	2727
2706	5	2727
2707	5	2725
2708	5	2713
2709	5	2713
2710	5	2714
